0.0
72.0
16.0
11.0
16.0
137.0
0.0
137.0
81.0
11.0
81.0
12.0
0.0
137.0
81.0
51.0
81.0
206.0
0.0
138.0
82.0
11.0
82.0
12.0
0.0
138.0
82.0
51.0
82.0
206.0
0.0
188.0
132.0
11.0
132.0
137.0
0.0
188.0
132.0
206.0
132.0
206.0
0.0
227.0
171.0
51.0
171.0
51.0
0.0
227.0
171.0
142.0
171.0
189.0
0.0
227.0
171.0
206.0
171.0
206.0
0.0
287.0
231.0
51.0
231.0
51.0
0.0
287.0
231.0
142.0
231.0
189.0
0.0
287.0
231.0
206.0
231.0
206.0
0.0
307.0
251.0
51.0
251.0
206.0
1.5533430342749532
266.0
81.0
189.0
82.0
189.0
1.5533430342749532
266.0
171.0
188.0
194.0
188.0
1.5533430342749532
266.0
231.0
187.0
231.0
187.0
1.5533430342749532
266.0
251.0
187.0
251.0
187.0
1.5707963267948966
88.0
16.0
11.0
132.0
11.0
1.5707963267948966
89.0
16.0
12.0
132.0
12.0
1.5707963267948966
128.0
16.0
51.0
16.0
51.0
1.5707963267948966
128.0
81.0
51.0
251.0
51.0
1.5707963267948966
213.0
16.0
136.0
16.0
136.0
1.5707963267948966
213.0
81.0
136.0
82.0
136.0
1.5707963267948966
213.0
132.0
136.0
132.0
136.0
1.5707963267948966
213.0
251.0
136.0
251.0
136.0
1.5707963267948966
219.0
81.0
142.0
82.0
142.0
1.5707963267948966
219.0
171.0
142.0
231.0
142.0
1.5707963267948966
219.0
251.0
142.0
251.0
142.0
1.5707963267948966
265.0
81.0
188.0
82.0
188.0
1.5707963267948966
265.0
171.0
188.0
231.0
188.0
1.5707963267948966
265.0
251.0
188.0
251.0
188.0
1.5707963267948966
266.0
81.0
189.0
82.0
189.0
1.5707963267948966
266.0
171.0
189.0
231.0
189.0
1.5707963267948966
266.0
251.0
189.0
251.0
189.0
1.5707963267948966
283.0
81.0
206.0
251.0
206.0
1.5882496193148399
264.0
81.0
186.0
82.0
186.0
1.5882496193148399
264.0
171.0
187.0
171.0
187.0
1.5882496193148399
264.0
194.0
188.0
231.0
188.0
1.5882496193148399
264.0
251.0
189.0
251.0
189.0
3.12413936106985
79.0
249.0
51.0
249.0
51.0
3.12413936106985
79.0
251.0
116.0
251.0
172.0
3.12413936106985
100.0
228.0
51.0
228.0
51.0
3.12413936106985
100.0
230.0
142.0
230.0
142.0
3.12413936106985
100.0
231.0
173.0
231.0
189.0
3.12413936106985
100.0
231.0
206.0
231.0
206.0
3.12413936106985
160.0
168.0
51.0
168.0
51.0
3.12413936106985
160.0
171.0
174.0
171.0
189.0
3.12413936106985
160.0
171.0
206.0
171.0
206.0
3.12413936106985
197.0
131.0
11.0
131.0
12.0
3.12413936106985
197.0
131.0
51.0
131.0
51.0
3.12413936106985
197.0
132.0
59.0
132.0
116.0
3.12413936106985
197.0
134.0
206.0
134.0
206.0
3.12413936106985
248.0
80.0
11.0
80.0
12.0
3.12413936106985
248.0
81.0
60.0
82.0
173.0
3.12413936106985
248.0
83.0
206.0
83.0
206.0
3.12413936106985
313.0
16.0
60.0
16.0
117.0
3.12413936106985
313.0
17.0
137.0
17.0
137.0
