0.0
75.0
22.0
128.0
22.0
202.0
0.0
186.0
133.0
18.0
133.0
18.0
0.0
186.0
133.0
48.0
133.0
49.0
0.0
186.0
133.0
75.0
133.0
101.0
0.0
186.0
133.0
146.0
133.0
147.0
0.0
186.0
133.0
187.0
133.0
188.0
0.0
205.0
152.0
18.0
152.0
49.0
0.0
205.0
152.0
75.0
152.0
75.0
0.0
205.0
152.0
100.0
152.0
101.0
0.0
205.0
152.0
143.0
152.0
144.0
0.0
205.0
152.0
191.0
152.0
192.0
0.0
248.0
195.0
32.0
195.0
34.0
0.0
248.0
195.0
66.0
195.0
66.0
0.0
248.0
195.0
122.0
195.0
159.0
0.017453292519943295
186.0
134.0
18.0
134.0
18.0
0.017453292519943295
186.0
134.0
48.0
134.0
49.0
0.017453292519943295
186.0
133.0
75.0
133.0
101.0
0.017453292519943295
186.0
132.0
147.0
132.0
148.0
0.017453292519943295
186.0
131.0
186.0
131.0
186.0
0.017453292519943295
249.0
197.0
35.0
197.0
36.0
0.017453292519943295
249.0
196.0
66.0
196.0
66.0
0.017453292519943295
249.0
195.0
122.0
195.0
159.0
0.03490658503988659
132.0
81.0
40.0
80.0
74.0
0.03490658503988659
132.0
79.0
102.0
79.0
102.0
0.03490658503988659
132.0
78.0
127.0
78.0
127.0
0.03490658503988659
132.0
76.0
196.0
76.0
198.0
0.03490658503988659
132.0
75.0
201.0
75.0
202.0
0.03490658503988659
202.0
152.0
18.0
152.0
27.0
0.03490658503988659
202.0
151.0
48.0
151.0
49.0
0.03490658503988659
202.0
150.0
75.0
150.0
75.0
0.03490658503988659
202.0
149.0
100.0
149.0
101.0
0.03490658503988659
202.0
148.0
141.0
148.0
141.0
0.03490658503988659
202.0
146.0
194.0
146.0
195.0
0.03490658503988659
249.0
198.0
36.0
198.0
38.0
0.03490658503988659
249.0
197.0
66.0
197.0
66.0
0.03490658503988659
249.0
195.0
122.0
195.0
142.0
0.05235987755982989
131.0
81.0
40.0
79.0
74.0
0.05235987755982989
131.0
78.0
102.0
78.0
102.0
0.05235987755982989
131.0
77.0
127.0
77.0
127.0
0.05235987755982989
131.0
73.0
193.0
73.0
195.0
0.05235987755982989
131.0
73.0
201.0
73.0
202.0
0.05235987755982989
185.0
136.0
18.0
136.0
18.0
0.05235987755982989
185.0
135.0
48.0
135.0
49.0
0.05235987755982989
185.0
133.0
75.0
133.0
94.0
0.05235987755982989
185.0
130.0
148.0
130.0
149.0
0.05235987755982989
185.0
128.0
184.0
128.0
185.0
0.06981317007977318
152.0
105.0
18.0
104.0
40.0
0.06981317007977318
152.0
98.0
112.0
97.0
127.0
0.06981317007977318
213.0
163.0
65.0
163.0
66.0
0.06981317007977318
213.0
162.0
75.0
162.0
85.0
0.06981317007977318
213.0
160.0
100.0
160.0
101.0
0.06981317007977318
213.0
157.0
146.0
157.0
147.0
0.06981317007977318
213.0
154.0
190.0
154.0
190.0
0.20943951023931956
121.0
81.0
41.0
80.0
50.0
0.20943951023931956
121.0
74.0
74.0
74.0
74.0
0.20943951023931956
121.0
68.0
102.0
68.0
102.0
0.20943951023931956
121.0
64.0
121.0
64.0
125.0
0.20943951023931956
121.0
54.0
169.0
54.0
170.0
0.20943951023931956
121.0
47.0
201.0
47.0
202.0
0.2617993877991494
181.0
153.0
18.0
152.0
23.0
0.2617993877991494
181.0
145.0
48.0
145.0
49.0
0.2617993877991494
181.0
138.0
75.0
138.0
75.0
0.2617993877991494
181.0
134.0
87.0
133.0
94.0
0.33161255787892263
204.0
174.0
50.0
172.0
54.0
0.33161255787892263
204.0
168.0
66.0
168.0
66.0
0.33161255787892263
204.0
163.0
80.0
162.0
84.0
0.33161255787892263
204.0
156.0
100.0
156.0
101.0
0.33161255787892263
204.0
142.0
141.0
141.0
143.0
0.33161255787892263
204.0
127.0
184.0
127.0
185.0
0.4537856055185257
120.0
106.0
18.0
104.0
23.0
0.4537856055185257
120.0
81.0
69.0
80.0
72.0
0.4537856055185257
120.0
79.0
74.0
79.0
74.0
0.4537856055185257
120.0
65.0
102.0
65.0
102.0
0.4537856055185257
120.0
64.0
104.0
64.0
105.0
0.4537856055185257
120.0
41.0
151.0
41.0
152.0
0.4537856055185257
120.0
22.0
190.0
22.0
191.0
0.4537856055185257
197.0
181.0
40.0
181.0
40.0
0.4537856055185257
197.0
180.0
42.0
177.0
47.0
0.4537856055185257
197.0
168.0
66.0
168.0
66.0
0.4537856055185257
197.0
163.0
76.0
162.0
79.0
0.4537856055185257
197.0
152.0
100.0
151.0
101.0
0.4537856055185257
197.0
127.0
150.0
127.0
151.0
0.4537856055185257
197.0
122.0
160.0
122.0
161.0
0.47123889803846897
195.0
179.0
43.0
176.0
48.0
0.47123889803846897
195.0
175.0
50.0
175.0
50.0
0.47123889803846897
195.0
167.0
66.0
167.0
66.0
0.47123889803846897
195.0
163.0
75.0
162.0
77.0
0.47123889803846897
195.0
150.0
100.0
149.0
101.0
0.47123889803846897
195.0
123.0
153.0
122.0
155.0
0.47123889803846897
196.0
184.0
36.0
181.0
41.0
0.47123889803846897
196.0
180.0
43.0
178.0
46.0
0.47123889803846897
196.0
168.0
66.0
168.0
66.0
0.47123889803846897
196.0
163.0
76.0
162.0
79.0
0.47123889803846897
196.0
151.0
100.0
150.0
101.0
0.47123889803846897
196.0
125.0
151.0
124.0
153.0
0.47123889803846897
196.0
122.0
156.0
122.0
157.0
0.6283185307179586
181.0
188.0
30.0
188.0
30.0
0.6283185307179586
181.0
186.0
33.0
186.0
33.0
0.6283185307179586
181.0
183.0
37.0
183.0
37.0
0.6283185307179586
181.0
181.0
40.0
181.0
40.0
0.6283185307179586
181.0
178.0
44.0
178.0
44.0
0.6283185307179586
181.0
175.0
48.0
175.0
48.0
0.6283185307179586
181.0
173.0
51.0
173.0
51.0
0.6283185307179586
181.0
170.0
55.0
170.0
55.0
0.6283185307179586
181.0
165.0
62.0
165.0
62.0
0.6283185307179586
181.0
162.0
66.0
162.0
66.0
0.6283185307179586
181.0
155.0
75.0
155.0
75.0
0.6283185307179586
181.0
137.0
100.0
136.0
101.0
0.6283185307179586
181.0
71.0
191.0
71.0
191.0
0.6283185307179586
181.0
64.0
201.0
63.0
202.0
0.7853981633974483
169.0
22.0
202.0
23.0
201.0
0.7853981633974483
169.0
54.0
170.0
54.0
170.0
0.7853981633974483
169.0
97.0
127.0
98.0
126.0
0.7853981633974483
169.0
133.0
91.0
134.0
90.0
0.7853981633974483
169.0
149.0
75.0
149.0
75.0
0.7853981633974483
169.0
173.0
51.0
179.0
45.0
0.7853981633974483
169.0
193.0
31.0
194.0
30.0
0.7853981633974483
181.0
39.0
202.0
40.0
201.0
0.7853981633974483
181.0
62.0
179.0
62.0
179.0
0.7853981633974483
181.0
140.0
101.0
141.0
100.0
0.7853981633974483
181.0
162.0
79.0
163.0
78.0
0.7853981633974483
181.0
200.0
40.0
200.0
40.0
0.9948376736367679
181.0
22.0
181.0
22.0
181.0
0.9948376736367679
181.0
49.0
164.0
50.0
163.0
0.9948376736367679
181.0
145.0
101.0
148.0
100.0
0.9948376736367679
181.0
162.0
90.0
163.0
90.0
0.9948376736367679
181.0
199.0
66.0
200.0
66.0
0.9948376736367679
181.0
213.0
57.0
213.0
57.0
0.9948376736367679
212.0
47.0
202.0
49.0
201.0
0.9948376736367679
212.0
68.0
188.0
69.0
188.0
0.9948376736367679
212.0
122.0
153.0
127.0
150.0
0.9948376736367679
212.0
129.0
149.0
134.0
146.0
1.0297442586766545
181.0
22.0
176.0
22.0
176.0
1.0297442586766545
181.0
47.0
161.0
48.0
161.0
1.0297442586766545
181.0
147.0
101.0
149.0
100.0
1.0297442586766545
181.0
162.0
92.0
163.0
91.0
1.0297442586766545
181.0
205.0
66.0
206.0
66.0
1.0297442586766545
181.0
215.0
60.0
215.0
60.0
1.0297442586766545
212.0
39.0
202.0
41.0
201.0
1.0297442586766545
212.0
67.0
185.0
67.0
185.0
1.0297442586766545
212.0
133.0
146.0
133.0
146.0
1.0297442586766545
260.0
144.0
195.0
146.0
194.0
1.0297442586766545
260.0
158.0
187.0
158.0
187.0
1.0297442586766545
260.0
163.0
184.0
163.0
184.0
1.0297442586766545
260.0
166.0
182.0
166.0
182.0
1.0297442586766545
260.0
169.0
180.0
169.0
180.0
1.0297442586766545
260.0
204.0
159.0
206.0
158.0
1.0297442586766545
260.0
235.0
140.0
235.0
140.0
1.064650843716541
213.0
32.0
202.0
35.0
201.0
1.064650843716541
213.0
65.0
184.0
65.0
184.0
1.064650843716541
213.0
125.0
151.0
125.0
151.0
1.064650843716541
213.0
127.0
150.0
127.0
150.0
1.064650843716541
213.0
129.0
149.0
130.0
148.0
1.064650843716541
213.0
132.0
147.0
134.0
146.0
1.064650843716541
213.0
136.0
145.0
136.0
145.0
1.064650843716541
213.0
138.0
144.0
139.0
143.0
1.064650843716541
213.0
141.0
142.0
146.0
139.0
1.0995574287564276
213.0
22.0
202.0
25.0
201.0
1.0995574287564276
213.0
64.0
181.0
64.0
181.0
1.0995574287564276
213.0
133.0
146.0
133.0
146.0
1.0995574287564276
213.0
139.0
143.0
139.0
143.0
1.0995574287564276
213.0
141.0
142.0
146.0
139.0
1.1693705988362009
181.0
22.0
157.0
22.0
157.0
1.1693705988362009
181.0
39.0
150.0
40.0
150.0
1.1693705988362009
181.0
93.0
127.0
95.0
127.0
1.1693705988362009
181.0
98.0
125.0
98.0
125.0
1.1693705988362009
181.0
154.0
101.0
158.0
100.0
1.1693705988362009
181.0
162.0
98.0
163.0
98.0
1.2566370614359172
126.0
67.0
74.0
70.0
74.0
1.2566370614359172
126.0
80.0
70.0
81.0
70.0
1.2566370614359172
126.0
144.0
49.0
150.0
48.0
1.2566370614359172
126.0
152.0
47.0
153.0
47.0
1.2566370614359172
126.0
183.0
37.0
185.0
36.0
1.2566370614359172
126.0
195.0
33.0
196.0
33.0
1.3439035240356338
123.0
35.0
74.0
39.0
74.0
1.3439035240356338
123.0
80.0
64.0
81.0
64.0
1.3439035240356338
123.0
144.0
49.0
153.0
47.0
1.3439035240356338
123.0
181.0
41.0
182.0
41.0
1.3439035240356338
123.0
198.0
37.0
199.0
37.0
1.361356816555577
246.0
22.0
201.0
26.0
201.0
1.361356816555577
246.0
71.0
191.0
72.0
191.0
1.361356816555577
246.0
122.0
180.0
122.0
180.0
1.361356816555577
246.0
169.0
170.0
169.0
170.0
1.361356816555577
246.0
220.0
159.0
228.0
158.0
1.361356816555577
246.0
235.0
156.0
235.0
156.0
1.53588974175501
117.0
26.0
52.0
26.0
52.0
1.53588974175501
117.0
80.0
50.0
81.0
50.0
1.53588974175501
117.0
104.0
49.0
153.0
48.0
1.53588974175501
117.0
176.0
47.0
177.0
47.0
1.53588974175501
117.0
204.0
46.0
205.0
46.0
1.53588974175501
193.0
22.0
128.0
22.0
128.0
1.53588974175501
193.0
64.0
127.0
70.0
127.0
1.53588974175501
193.0
98.0
126.0
98.0
126.0
1.53588974175501
193.0
195.0
122.0
214.0
122.0
1.53588974175501
229.0
22.0
164.0
22.0
164.0
1.53588974175501
229.0
49.0
163.0
50.0
163.0
1.53588974175501
229.0
122.0
161.0
122.0
161.0
1.53588974175501
229.0
169.0
159.0
169.0
159.0
1.53588974175501
229.0
195.0
158.0
214.0
158.0
1.53588974175501
229.0
235.0
157.0
235.0
157.0
1.5533430342749532
117.0
26.0
50.0
26.0
50.0
1.5533430342749532
117.0
80.0
49.0
81.0
49.0
1.5533430342749532
117.0
104.0
49.0
153.0
48.0
1.5533430342749532
117.0
175.0
48.0
176.0
48.0
1.5533430342749532
117.0
205.0
47.0
206.0
47.0
1.5533430342749532
170.0
64.0
103.0
64.0
103.0
1.5533430342749532
170.0
71.0
102.0
98.0
102.0
1.5533430342749532
170.0
133.0
101.0
163.0
101.0
1.5533430342749532
227.0
22.0
160.0
22.0
160.0
1.5533430342749532
227.0
47.0
160.0
48.0
160.0
1.5533430342749532
227.0
122.0
159.0
122.0
159.0
1.5533430342749532
227.0
169.0
158.0
169.0
158.0
1.5533430342749532
227.0
195.0
157.0
196.0
157.0
1.5533430342749532
227.0
235.0
157.0
235.0
157.0
1.5533430342749532
228.0
22.0
161.0
22.0
161.0
1.5533430342749532
228.0
47.0
161.0
48.0
161.0
1.5533430342749532
228.0
122.0
160.0
122.0
160.0
1.5533430342749532
228.0
169.0
159.0
169.0
159.0
1.5533430342749532
228.0
195.0
158.0
235.0
158.0
1.5533430342749532
268.0
22.0
201.0
71.0
201.0
1.5533430342749532
268.0
78.0
200.0
78.0
200.0
1.5707963267948966
86.0
104.0
18.0
153.0
18.0
1.5707963267948966
108.0
26.0
40.0
81.0
40.0
1.5707963267948966
108.0
104.0
40.0
105.0
40.0
1.5707963267948966
108.0
152.0
40.0
153.0
40.0
1.5707963267948966
108.0
181.0
40.0
182.0
40.0
1.5707963267948966
108.0
200.0
40.0
201.0
40.0
1.5707963267948966
116.0
26.0
48.0
26.0
48.0
1.5707963267948966
116.0
80.0
48.0
81.0
48.0
1.5707963267948966
116.0
104.0
48.0
153.0
48.0
1.5707963267948966
116.0
175.0
48.0
176.0
48.0
1.5707963267948966
116.0
206.0
48.0
207.0
48.0
1.5707963267948966
142.0
26.0
74.0
81.0
74.0
1.5707963267948966
227.0
22.0
159.0
22.0
159.0
1.5707963267948966
227.0
46.0
159.0
46.0
159.0
1.5707963267948966
227.0
122.0
159.0
122.0
159.0
1.5707963267948966
227.0
169.0
159.0
169.0
159.0
1.5707963267948966
227.0
195.0
159.0
235.0
159.0
1.5707963267948966
269.0
22.0
201.0
79.0
201.0
1.5707963267948966
270.0
22.0
202.0
79.0
202.0
1.5882496193148399
133.0
26.0
63.0
26.0
63.0
1.5882496193148399
133.0
80.0
64.0
81.0
64.0
1.5882496193148399
133.0
163.0
65.0
164.0
65.0
1.5882496193148399
133.0
186.0
66.0
220.0
66.0
1.5882496193148399
188.0
64.0
118.0
64.0
118.0
1.5882496193148399
188.0
98.0
119.0
98.0
119.0
1.5882496193148399
225.0
22.0
155.0
22.0
155.0
1.5882496193148399
225.0
43.0
155.0
43.0
155.0
1.5882496193148399
225.0
122.0
156.0
122.0
156.0
1.5882496193148399
225.0
169.0
157.0
169.0
157.0
1.5882496193148399
225.0
195.0
158.0
235.0
158.0
1.5882496193148399
270.0
22.0
200.0
22.0
200.0
1.5882496193148399
270.0
70.0
201.0
79.0
201.0
1.6057029118347832
117.0
26.0
45.0
26.0
45.0
1.6057029118347832
117.0
80.0
47.0
81.0
47.0
1.6057029118347832
117.0
104.0
48.0
153.0
49.0
1.6057029118347832
117.0
174.0
50.0
175.0
50.0
1.6057029118347832
117.0
208.0
51.0
209.0
51.0
1.6057029118347832
223.0
22.0
151.0
22.0
151.0
1.6057029118347832
223.0
40.0
151.0
41.0
151.0
1.6057029118347832
223.0
122.0
154.0
122.0
154.0
1.6057029118347832
223.0
169.0
156.0
169.0
156.0
1.6057029118347832
223.0
195.0
157.0
196.0
157.0
1.6057029118347832
223.0
214.0
158.0
235.0
158.0
1.6755160819145565
181.0
64.0
106.0
64.0
106.0
1.6755160819145565
181.0
98.0
109.0
98.0
109.0
1.6755160819145565
181.0
214.0
122.0
223.0
122.0
1.6755160819145565
181.0
235.0
124.0
235.0
124.0
1.7627825445142729
206.0
64.0
126.0
64.0
126.0
1.7627825445142729
206.0
70.0
127.0
74.0
127.0
1.7627825445142729
206.0
142.0
141.0
144.0
141.0
1.7627825445142729
206.0
149.0
142.0
150.0
142.0
1.7627825445142729
206.0
152.0
143.0
152.0
143.0
1.7627825445142729
206.0
195.0
151.0
196.0
151.0
1.7627825445142729
206.0
229.0
158.0
235.0
159.0
1.7802358370342162
205.0
64.0
123.0
64.0
123.0
1.7802358370342162
205.0
79.0
127.0
83.0
127.0
1.7802358370342162
205.0
144.0
140.0
144.0
140.0
1.7802358370342162
205.0
147.0
141.0
150.0
142.0
1.7802358370342162
205.0
195.0
151.0
196.0
151.0
1.7802358370342162
205.0
225.0
158.0
233.0
159.0
1.7802358370342162
206.0
64.0
124.0
64.0
124.0
1.7802358370342162
206.0
74.0
127.0
78.0
127.0
1.7802358370342162
206.0
142.0
141.0
144.0
141.0
1.7802358370342162
206.0
150.0
143.0
152.0
143.0
1.7802358370342162
206.0
195.0
152.0
196.0
153.0
1.7802358370342162
206.0
220.0
158.0
228.0
159.0
1.7976891295541595
207.0
64.0
124.0
64.0
124.0
1.7976891295541595
207.0
74.0
127.0
77.0
127.0
1.7976891295541595
207.0
141.0
142.0
142.0
142.0
1.7976891295541595
207.0
154.0
145.0
158.0
146.0
1.7976891295541595
207.0
195.0
155.0
196.0
155.0
1.7976891295541595
207.0
208.0
158.0
215.0
159.0
1.8151424220741028
165.0
26.0
71.0
26.0
71.0
1.8151424220741028
165.0
38.0
74.0
41.0
74.0
1.8151424220741028
165.0
133.0
97.0
134.0
98.0
1.8151424220741028
165.0
142.0
100.0
150.0
101.0
1.8151424220741028
165.0
231.0
122.0
235.0
123.0
1.9896753472735358
181.0
26.0
67.0
26.0
67.0
1.9896753472735358
181.0
41.0
74.0
42.0
74.0
1.9896753472735358
181.0
195.0
142.0
196.0
143.0
1.9896753472735358
181.0
230.0
158.0
233.0
159.0
2.0420352248333655
245.0
22.0
130.0
22.0
130.0
2.0420352248333655
245.0
24.0
131.0
26.0
132.0
2.0420352248333655
245.0
122.0
181.0
125.0
183.0
2.0420352248333655
245.0
127.0
184.0
129.0
185.0
2.0420352248333655
245.0
131.0
186.0
131.0
186.0
2.0420352248333655
245.0
133.0
187.0
133.0
187.0
2.0420352248333655
245.0
146.0
194.0
147.0
194.0
2.059488517353309
244.0
24.0
129.0
24.0
129.0
2.059488517353309
244.0
122.0
181.0
122.0
181.0
2.059488517353309
244.0
124.0
182.0
125.0
182.0
2.059488517353309
244.0
128.0
184.0
128.0
184.0
2.059488517353309
244.0
133.0
187.0
133.0
187.0
2.059488517353309
244.0
147.0
194.0
148.0
194.0
2.0943951023931953
195.0
26.0
70.0
26.0
70.0
2.0943951023931953
195.0
33.0
74.0
34.0
74.0
2.0943951023931953
195.0
81.0
102.0
82.0
102.0
2.0943951023931953
195.0
98.0
111.0
98.0
111.0
2.0943951023931953
195.0
146.0
139.0
147.0
140.0
2.0943951023931953
195.0
149.0
141.0
149.0
141.0
2.0943951023931953
195.0
152.0
143.0
152.0
143.0
2.0943951023931953
195.0
158.0
146.0
159.0
147.0
2.0943951023931953
195.0
161.0
148.0
161.0
148.0
2.0943951023931953
195.0
166.0
151.0
166.0
151.0
2.111848394913139
242.0
122.0
180.0
122.0
180.0
2.111848394913139
242.0
125.0
182.0
125.0
182.0
2.111848394913139
242.0
128.0
184.0
128.0
184.0
2.111848394913139
242.0
133.0
187.0
133.0
187.0
2.111848394913139
242.0
143.0
193.0
143.0
193.0
2.111848394913139
242.0
145.0
194.0
147.0
195.0
2.3387411976724017
149.0
104.0
45.0
105.0
46.0
2.3387411976724017
149.0
107.0
48.0
108.0
49.0
2.3387411976724017
149.0
135.0
75.0
135.0
75.0
2.3387411976724017
149.0
161.0
100.0
162.0
101.0
2.3387411976724017
149.0
195.0
133.0
196.0
134.0
2.3387411976724017
149.0
221.0
158.0
222.0
159.0
2.356194490192345
143.0
104.0
35.0
105.0
36.0
2.356194490192345
143.0
117.0
48.0
118.0
49.0
2.356194490192345
143.0
144.0
75.0
144.0
75.0
2.356194490192345
143.0
162.0
93.0
163.0
94.0
2.356194490192345
143.0
195.0
126.0
196.0
127.0
2.356194490192345
143.0
227.0
158.0
228.0
159.0
2.356194490192345
145.0
104.0
38.0
105.0
39.0
2.356194490192345
145.0
114.0
48.0
115.0
49.0
2.356194490192345
145.0
141.0
75.0
141.0
75.0
2.356194490192345
145.0
162.0
96.0
163.0
97.0
2.356194490192345
145.0
195.0
129.0
196.0
130.0
2.356194490192345
145.0
224.0
158.0
225.0
159.0
2.356194490192345
148.0
104.0
42.0
105.0
43.0
2.356194490192345
148.0
110.0
48.0
111.0
49.0
2.356194490192345
148.0
137.0
75.0
137.0
75.0
2.356194490192345
148.0
162.0
100.0
163.0
101.0
2.356194490192345
148.0
195.0
133.0
196.0
134.0
2.356194490192345
148.0
220.0
158.0
221.0
159.0
2.356194490192345
150.0
104.0
45.0
105.0
46.0
2.356194490192345
150.0
107.0
48.0
108.0
49.0
2.356194490192345
150.0
134.0
75.0
134.0
75.0
2.356194490192345
150.0
159.0
100.0
160.0
101.0
2.356194490192345
150.0
195.0
136.0
196.0
137.0
2.356194490192345
150.0
217.0
158.0
218.0
159.0
2.356194490192345
165.0
78.0
40.0
78.0
40.0
2.356194490192345
165.0
80.0
42.0
81.0
43.0
2.356194490192345
165.0
133.0
95.0
134.0
96.0
2.356194490192345
165.0
138.0
100.0
139.0
101.0
2.356194490192345
165.0
195.0
157.0
197.0
159.0
2.3736477827122884
149.0
104.0
43.0
105.0
44.0
2.3736477827122884
149.0
109.0
48.0
110.0
49.0
2.3736477827122884
149.0
135.0
75.0
135.0
75.0
2.3736477827122884
149.0
159.0
100.0
160.0
101.0
2.3736477827122884
149.0
195.0
137.0
196.0
138.0
2.3736477827122884
149.0
215.0
158.0
216.0
159.0
2.4085543677521746
181.0
62.0
40.0
62.0
40.0
2.4085543677521746
181.0
80.0
60.0
81.0
61.0
2.4085543677521746
181.0
157.0
146.0
160.0
149.0
2.4085543677521746
181.0
169.0
159.0
169.0
159.0
2.478367537831948
273.0
22.0
128.0
29.0
136.0
2.478367537831948
273.0
30.0
138.0
34.0
143.0
2.478367537831948
273.0
36.0
145.0
36.0
145.0
2.478367537831948
273.0
37.0
147.0
43.0
154.0
2.478367537831948
273.0
44.0
156.0
46.0
158.0
2.478367537831948
273.0
47.0
160.0
50.0
163.0
2.478367537831948
273.0
51.0
165.0
53.0
167.0
2.478367537831948
273.0
55.0
170.0
57.0
172.0
2.478367537831948
273.0
58.0
174.0
61.0
177.0
2.478367537831948
273.0
62.0
179.0
67.0
185.0
2.478367537831948
273.0
69.0
188.0
70.0
189.0
2.478367537831948
273.0
72.0
191.0
74.0
194.0
2.478367537831948
273.0
76.0
196.0
78.0
199.0
2.5132741228718345
80.0
191.0
28.0
191.0
28.0
2.5132741228718345
80.0
193.0
31.0
193.0
31.0
2.5132741228718345
80.0
195.0
34.0
195.0
34.0
2.5132741228718345
80.0
198.0
38.0
199.0
39.0
2.5132741228718345
80.0
200.0
41.0
200.0
41.0
2.5132741228718345
80.0
204.0
46.0
204.0
46.0
2.5132741228718345
80.0
207.0
50.0
207.0
50.0
2.5132741228718345
80.0
209.0
53.0
209.0
53.0
2.5132741228718345
80.0
212.0
57.0
212.0
57.0
2.5132741228718345
80.0
215.0
61.0
215.0
61.0
2.5132741228718345
80.0
217.0
64.0
217.0
64.0
2.5132741228718345
80.0
218.0
66.0
218.0
66.0
2.5132741228718345
181.0
74.0
40.0
74.0
40.0
2.5132741228718345
181.0
80.0
47.0
81.0
49.0
2.5132741228718345
181.0
146.0
139.0
149.0
142.0
2.5132741228718345
181.0
169.0
170.0
169.0
170.0
2.530727415391778
181.0
76.0
40.0
76.0
40.0
2.530727415391778
181.0
80.0
45.0
81.0
47.0
2.530727415391778
181.0
146.0
139.0
147.0
141.0
2.530727415391778
181.0
169.0
172.0
169.0
172.0
2.670353755551324
168.0
104.0
38.0
105.0
41.0
2.670353755551324
168.0
109.0
48.0
109.0
49.0
2.670353755551324
168.0
133.0
95.0
134.0
98.0
2.670353755551324
168.0
135.0
100.0
136.0
101.0
2.670353755551324
168.0
159.0
147.0
160.0
149.0
2.670353755551324
168.0
169.0
165.0
169.0
166.0
2.8797932657906435
181.0
104.0
24.0
105.0
30.0
2.8797932657906435
181.0
110.0
48.0
110.0
49.0
2.8797932657906435
181.0
136.0
145.0
136.0
146.0
2.8797932657906435
181.0
149.0
193.0
149.0
193.0
3.01941960595019
194.0
104.0
25.0
105.0
40.0
3.01941960595019
194.0
106.0
48.0
107.0
49.0
3.01941960595019
194.0
122.0
171.0
122.0
178.0
3.01941960595019
194.0
123.0
182.0
123.0
182.0
3.07177948351002
145.0
161.0
75.0
161.0
75.0
3.07177948351002
145.0
162.0
84.0
163.0
101.0
3.07177948351002
145.0
166.0
151.0
166.0
152.0
3.07177948351002
145.0
168.0
182.0
168.0
182.0
3.0892327760299634
153.0
151.0
18.0
151.0
18.0
3.0892327760299634
153.0
152.0
36.0
152.0
49.0
3.0892327760299634
153.0
154.0
75.0
154.0
75.0
3.0892327760299634
153.0
155.0
100.0
155.0
101.0
3.0892327760299634
153.0
157.0
146.0
157.0
147.0
3.0892327760299634
153.0
159.0
187.0
159.0
188.0
3.0892327760299634
175.0
129.0
18.0
129.0
18.0
3.0892327760299634
175.0
130.0
48.0
130.0
49.0
3.0892327760299634
175.0
133.0
94.0
133.0
101.0
3.0892327760299634
175.0
135.0
146.0
135.0
146.0
3.0892327760299634
175.0
138.0
191.0
138.0
191.0
3.0892327760299634
225.0
80.0
40.0
81.0
74.0
3.0892327760299634
225.0
83.0
102.0
83.0
102.0
3.0892327760299634
225.0
84.0
127.0
84.0
127.0
3.0892327760299634
279.0
26.0
40.0
26.0
58.0
3.0892327760299634
279.0
27.0
74.0
27.0
74.0
3.0892327760299634
279.0
31.0
139.0
31.0
140.0
3.0892327760299634
279.0
34.0
201.0
34.0
202.0
3.1066860685499065
154.0
151.0
18.0
151.0
18.0
3.1066860685499065
154.0
152.0
27.0
152.0
49.0
3.1066860685499065
154.0
153.0
75.0
153.0
75.0
3.1066860685499065
154.0
154.0
100.0
154.0
101.0
3.1066860685499065
154.0
156.0
146.0
156.0
146.0
3.1066860685499065
154.0
157.0
188.0
157.0
188.0
3.1066860685499065
226.0
80.0
40.0
81.0
74.0
3.1066860685499065
226.0
82.0
102.0
82.0
102.0
3.1066860685499065
226.0
83.0
127.0
83.0
127.0
3.12413936106985
114.0
193.0
30.0
193.0
31.0
3.12413936106985
114.0
194.0
66.0
194.0
66.0
3.12413936106985
114.0
195.0
122.0
195.0
159.0
3.12413936106985
227.0
80.0
40.0
81.0
74.0
3.12413936106985
227.0
81.0
102.0
81.0
102.0
3.12413936106985
227.0
82.0
127.0
82.0
127.0
3.12413936106985
287.0
22.0
128.0
22.0
171.0
3.12413936106985
287.0
23.0
201.0
23.0
202.0
