0.0
580.0
456.0
29.0
456.0
29.0
0.0
580.0
456.0
58.0
456.0
58.0
0.0
580.0
456.0
111.0
456.0
111.0
0.0
580.0
456.0
186.0
456.0
186.0
0.0
580.0
456.0
264.0
456.0
346.0
0.0
580.0
456.0
367.0
456.0
367.0
0.0
580.0
456.0
424.0
456.0
424.0
0.03490658503988659
543.0
423.0
102.0
423.0
102.0
0.03490658503988659
543.0
419.0
209.0
419.0
209.0
0.03490658503988659
543.0
417.0
263.0
417.0
263.0
0.03490658503988659
543.0
414.0
372.0
414.0
372.0
0.03490658503988659
543.0
412.0
418.0
412.0
418.0
0.03490658503988659
544.0
427.0
28.0
427.0
28.0
0.03490658503988659
544.0
426.0
56.0
426.0
56.0
0.03490658503988659
544.0
424.0
102.0
424.0
102.0
0.03490658503988659
544.0
420.0
208.0
420.0
208.0
0.03490658503988659
544.0
418.0
263.0
418.0
263.0
0.03490658503988659
544.0
415.0
372.0
415.0
372.0
0.03490658503988659
544.0
413.0
418.0
413.0
422.0
0.05235987755982989
424.0
303.0
171.0
303.0
171.0
0.05235987755982989
424.0
300.0
225.0
300.0
225.0
0.05235987755982989
424.0
294.0
332.0
294.0
334.0
0.05235987755982989
424.0
292.0
363.0
292.0
363.0
0.13962634015954636
526.0
431.0
28.0
431.0
28.0
0.13962634015954636
526.0
427.0
56.0
427.0
56.0
0.13962634015954636
526.0
420.0
101.0
420.0
101.0
0.13962634015954636
526.0
396.0
277.0
396.0
277.0
0.17453292519943295
424.0
310.0
172.0
310.0
172.0
0.17453292519943295
424.0
300.0
225.0
300.0
225.0
0.17453292519943295
424.0
286.0
303.0
286.0
306.0
0.17453292519943295
424.0
278.0
352.0
278.0
352.0
0.19198621771937624
424.0
311.0
172.0
311.0
172.0
0.19198621771937624
424.0
300.0
225.0
300.0
225.0
0.19198621771937624
424.0
285.0
302.0
285.0
302.0
0.19198621771937624
424.0
276.0
351.0
276.0
351.0
0.22689280275926285
539.0
463.0
30.0
463.0
30.0
0.22689280275926285
539.0
457.0
58.0
457.0
58.0
0.22689280275926285
539.0
445.0
108.0
445.0
108.0
0.22689280275926285
539.0
423.0
205.0
423.0
205.0
0.22689280275926285
539.0
408.0
269.0
408.0
269.0
0.22689280275926285
539.0
380.0
393.0
380.0
393.0
0.22689280275926285
577.0
495.0
61.0
495.0
61.0
0.22689280275926285
577.0
481.0
125.0
481.0
125.0
0.22689280275926285
577.0
480.0
128.0
480.0
129.0
0.22689280275926285
577.0
479.0
131.0
479.0
132.0
0.22689280275926285
577.0
478.0
134.0
478.0
135.0
0.22689280275926285
577.0
424.0
370.0
424.0
370.0
0.22689280275926285
577.0
413.0
418.0
413.0
419.0
0.22689280275926285
579.0
497.0
61.0
497.0
61.0
0.22689280275926285
579.0
485.0
115.0
485.0
116.0
0.22689280275926285
579.0
484.0
118.0
484.0
119.0
0.22689280275926285
579.0
483.0
122.0
483.0
122.0
0.22689280275926285
579.0
426.0
370.0
426.0
370.0
0.22689280275926285
579.0
415.0
419.0
415.0
419.0
0.22689280275926285
579.0
414.0
423.0
414.0
424.0
0.2792526803190927
424.0
316.0
172.0
316.0
172.0
0.2792526803190927
424.0
301.0
224.0
301.0
224.0
0.2792526803190927
424.0
282.0
289.0
282.0
291.0
0.2792526803190927
424.0
267.0
344.0
267.0
344.0
0.29670597283903605
281.0
206.0
46.0
204.0
53.0
0.29670597283903605
281.0
203.0
55.0
200.0
66.0
0.29670597283903605
281.0
199.0
68.0
197.0
76.0
0.29670597283903605
281.0
196.0
78.0
193.0
89.0
0.29670597283903605
281.0
192.0
91.0
189.0
102.0
0.29670597283903605
281.0
188.0
104.0
178.0
138.0
0.29670597283903605
281.0
177.0
140.0
168.0
170.0
0.29670597283903605
281.0
126.0
306.0
126.0
306.0
0.29670597283903605
281.0
125.0
310.0
125.0
310.0
0.29670597283903605
281.0
124.0
313.0
124.0
313.0
0.29670597283903605
281.0
123.0
316.0
123.0
317.0
0.29670597283903605
281.0
122.0
319.0
122.0
320.0
0.29670597283903605
281.0
121.0
323.0
121.0
324.0
0.29670597283903605
281.0
120.0
326.0
120.0
327.0
0.29670597283903605
281.0
119.0
329.0
118.0
334.0
0.29670597283903605
281.0
117.0
336.0
113.0
351.0
0.29670597283903605
281.0
112.0
353.0
112.0
354.0
0.29670597283903605
281.0
111.0
357.0
111.0
358.0
0.29670597283903605
281.0
110.0
360.0
110.0
361.0
0.29670597283903605
281.0
109.0
364.0
109.0
364.0
0.29670597283903605
281.0
108.0
367.0
108.0
367.0
0.29670597283903605
281.0
107.0
371.0
107.0
371.0
0.3490658503988659
558.0
503.0
61.0
503.0
61.0
0.3490658503988659
558.0
472.0
148.0
472.0
148.0
0.3490658503988659
558.0
458.0
185.0
458.0
185.0
0.3490658503988659
558.0
385.0
386.0
385.0
386.0
0.3839724354387525
424.0
323.0
172.0
323.0
172.0
0.3839724354387525
424.0
302.0
223.0
302.0
223.0
0.3839724354387525
424.0
279.0
279.0
279.0
280.0
0.3839724354387525
424.0
256.0
336.0
256.0
336.0
0.3839724354387525
553.0
507.0
61.0
507.0
61.0
0.3839724354387525
553.0
488.0
108.0
488.0
108.0
0.3839724354387525
553.0
487.0
110.0
487.0
110.0
0.3839724354387525
553.0
485.0
115.0
485.0
115.0
0.3839724354387525
553.0
483.0
120.0
483.0
120.0
0.3839724354387525
553.0
481.0
125.0
481.0
125.0
0.3839724354387525
553.0
456.0
186.0
456.0
186.0
0.3839724354387525
600.0
556.0
65.0
556.0
65.0
0.3839724354387525
600.0
519.0
156.0
519.0
156.0
0.3839724354387525
600.0
518.0
158.0
517.0
160.0
0.3839724354387525
600.0
516.0
162.0
516.0
162.0
0.3839724354387525
600.0
456.0
311.0
456.0
312.0
0.3839724354387525
600.0
433.0
369.0
433.0
369.0
0.3839724354387525
600.0
413.0
418.0
413.0
419.0
0.3839724354387525
604.0
560.0
65.0
560.0
65.0
0.3839724354387525
604.0
530.0
139.0
529.0
141.0
0.3839724354387525
604.0
528.0
143.0
528.0
143.0
0.3839724354387525
604.0
456.0
321.0
456.0
323.0
0.3839724354387525
604.0
437.0
368.0
437.0
368.0
0.3839724354387525
604.0
414.0
425.0
414.0
426.0
0.4188790204786391
266.0
207.0
48.0
207.0
49.0
0.4188790204786391
266.0
204.0
54.0
204.0
54.0
0.4188790204786391
266.0
203.0
57.0
203.0
57.0
0.4188790204786391
266.0
202.0
59.0
201.0
62.0
0.4188790204786391
266.0
200.0
64.0
200.0
65.0
0.4188790204786391
266.0
153.0
170.0
153.0
170.0
0.4188790204786391
266.0
124.0
234.0
124.0
234.0
0.4188790204786391
594.0
559.0
65.0
559.0
65.0
0.4188790204786391
594.0
516.0
161.0
516.0
161.0
0.4188790204786391
594.0
515.0
163.0
515.0
163.0
0.4188790204786391
594.0
514.0
165.0
514.0
165.0
0.4188790204786391
594.0
489.0
221.0
489.0
221.0
0.4188790204786391
594.0
456.0
295.0
456.0
296.0
0.4188790204786391
594.0
422.0
371.0
422.0
371.0
0.4188790204786391
594.0
403.0
415.0
403.0
415.0
0.4537856055185257
262.0
207.0
49.0
207.0
50.0
0.4537856055185257
262.0
203.0
57.0
203.0
57.0
0.4537856055185257
262.0
202.0
59.0
201.0
62.0
0.4537856055185257
262.0
200.0
64.0
200.0
64.0
0.4537856055185257
262.0
148.0
170.0
148.0
170.0
0.4537856055185257
262.0
119.0
230.0
119.0
230.0
0.47123889803846897
260.0
207.0
49.0
207.0
50.0
0.47123889803846897
260.0
203.0
57.0
203.0
57.0
0.47123889803846897
260.0
202.0
59.0
201.0
62.0
0.47123889803846897
260.0
200.0
64.0
200.0
64.0
0.47123889803846897
260.0
145.0
171.0
145.0
171.0
0.47123889803846897
260.0
116.0
228.0
116.0
228.0
0.47123889803846897
424.0
329.0
172.0
329.0
172.0
0.47123889803846897
424.0
304.0
221.0
303.0
222.0
0.47123889803846897
424.0
277.0
273.0
277.0
274.0
0.47123889803846897
424.0
248.0
331.0
248.0
331.0
0.5235987755982988
452.0
447.0
29.0
447.0
29.0
0.5235987755982988
452.0
432.0
56.0
432.0
56.0
0.5235987755982988
452.0
364.0
173.0
364.0
173.0
0.5235987755982988
452.0
363.0
175.0
362.0
176.0
0.5235987755982988
452.0
287.0
307.0
287.0
307.0
0.5410520681182421
278.0
217.0
82.0
217.0
83.0
0.5410520681182421
278.0
172.0
157.0
171.0
160.0
0.5410520681182421
278.0
165.0
170.0
165.0
170.0
0.5410520681182421
278.0
126.0
235.0
126.0
235.0
0.5585053606381855
440.0
443.0
29.0
443.0
29.0
0.5585053606381855
440.0
426.0
56.0
426.0
56.0
0.5585053606381855
440.0
401.0
96.0
401.0
96.0
0.5585053606381855
440.0
353.0
173.0
353.0
173.0
0.5585053606381855
440.0
341.0
193.0
341.0
193.0
0.5585053606381855
440.0
281.0
288.0
281.0
288.0
0.5585053606381855
440.0
253.0
334.0
253.0
334.0
0.5585053606381855
446.0
450.0
29.0
450.0
29.0
0.5585053606381855
446.0
360.0
173.0
360.0
173.0
0.5585053606381855
446.0
355.0
182.0
355.0
182.0
0.5585053606381855
446.0
284.0
296.0
284.0
296.0
0.5585053606381855
571.0
482.0
215.0
482.0
215.0
0.5759586531581288
437.0
445.0
29.0
445.0
29.0
0.5759586531581288
437.0
427.0
56.0
427.0
56.0
0.5759586531581288
437.0
401.0
96.0
401.0
96.0
0.5759586531581288
437.0
351.0
173.0
351.0
173.0
0.5759586531581288
437.0
336.0
196.0
336.0
196.0
0.5759586531581288
437.0
280.0
283.0
280.0
283.0
0.5759586531581288
437.0
249.0
331.0
249.0
331.0
0.6108652381980153
432.0
449.0
29.0
449.0
29.0
0.6108652381980153
432.0
430.0
56.0
430.0
56.0
0.6108652381980153
432.0
402.0
96.0
402.0
96.0
0.6108652381980153
432.0
348.0
173.0
348.0
173.0
0.6108652381980153
432.0
327.0
203.0
327.0
203.0
0.6108652381980153
510.0
521.0
62.0
521.0
62.0
0.6108652381980153
510.0
487.0
111.0
487.0
111.0
0.6108652381980153
510.0
486.0
113.0
486.0
113.0
0.6108652381980153
510.0
418.0
210.0
418.0
210.0
0.6108652381980153
510.0
305.0
371.0
305.0
371.0
0.6108652381980153
583.0
495.0
227.0
495.0
227.0
0.6108652381980153
583.0
456.0
282.0
456.0
283.0
0.6108652381980153
583.0
382.0
389.0
382.0
389.0
0.6457718232379019
586.0
456.0
290.0
456.0
291.0
0.6457718232379019
586.0
383.0
388.0
382.0
389.0
0.6632251157578453
424.0
456.0
29.0
456.0
29.0
0.6632251157578453
424.0
434.0
57.0
434.0
57.0
0.6632251157578453
424.0
403.0
96.0
403.0
96.0
0.6632251157578453
424.0
344.0
172.0
344.0
172.0
0.6632251157578453
424.0
308.0
218.0
307.0
219.0
0.6632251157578453
424.0
274.0
261.0
274.0
262.0
0.6632251157578453
507.0
535.0
63.0
535.0
63.0
0.6632251157578453
507.0
478.0
135.0
476.0
138.0
0.6632251157578453
507.0
424.0
205.0
424.0
205.0
0.6632251157578453
507.0
302.0
360.0
302.0
361.0
0.6806784082777885
505.0
538.0
63.0
538.0
63.0
0.6806784082777885
505.0
476.0
140.0
475.0
141.0
0.6806784082777885
505.0
423.0
205.0
422.0
206.0
0.6806784082777885
505.0
294.0
364.0
294.0
364.0
0.6981317007977318
502.0
540.0
64.0
540.0
64.0
0.6981317007977318
502.0
476.0
140.0
475.0
141.0
0.6981317007977318
502.0
299.0
351.0
299.0
351.0
0.7155849933176751
500.0
544.0
64.0
544.0
64.0
0.7155849933176751
500.0
474.0
144.0
474.0
144.0
0.7155849933176751
500.0
298.0
346.0
298.0
347.0
0.7155849933176751
500.0
287.0
359.0
287.0
359.0
0.7853981633974483
393.0
128.0
357.0
130.0
355.0
0.7853981633974483
393.0
313.0
172.0
313.0
172.0
0.7853981633974483
393.0
429.0
56.0
429.0
56.0
0.7853981633974483
393.0
456.0
29.0
456.0
29.0
0.7853981633974483
403.0
179.0
320.0
182.0
317.0
0.7853981633974483
403.0
327.0
172.0
327.0
172.0
0.7853981633974483
403.0
403.0
96.0
403.0
96.0
0.7853981633974483
403.0
442.0
57.0
442.0
57.0
0.7853981633974483
403.0
469.0
30.0
469.0
30.0
0.7853981633974483
405.0
190.0
312.0
193.0
309.0
0.7853981633974483
405.0
330.0
172.0
330.0
172.0
0.7853981633974483
405.0
405.0
97.0
405.0
97.0
0.7853981633974483
405.0
445.0
57.0
445.0
57.0
0.7853981633974483
405.0
472.0
30.0
472.0
30.0
0.7853981633974483
494.0
276.0
351.0
276.0
351.0
0.7853981633974483
494.0
294.0
333.0
294.0
333.0
0.7853981633974483
527.0
303.0
371.0
304.0
370.0
0.7853981633974483
527.0
397.0
277.0
399.0
275.0
0.7853981633974483
527.0
521.0
153.0
523.0
151.0
0.7853981633974483
595.0
456.0
314.0
456.0
314.0
0.7853981633974483
716.0
529.0
412.0
531.0
410.0
0.7853981633974483
716.0
542.0
399.0
543.0
398.0
0.8028514559173916
395.0
117.0
365.0
119.0
363.0
0.8028514559173916
395.0
317.0
172.0
317.0
172.0
0.8028514559173916
395.0
436.0
57.0
436.0
57.0
0.8028514559173916
395.0
464.0
30.0
464.0
30.0
0.8028514559173916
492.0
273.0
349.0
273.0
349.0
0.8028514559173916
492.0
293.0
330.0
293.0
330.0
0.8901179185171081
599.0
456.0
327.0
456.0
327.0
0.8901179185171081
710.0
528.0
412.0
528.0
412.0
0.8901179185171081
710.0
541.0
401.0
541.0
401.0
0.9075712110370514
421.0
157.0
336.0
157.0
336.0
0.9075712110370514
421.0
161.0
333.0
161.0
333.0
0.9075712110370514
421.0
164.0
331.0
166.0
329.0
0.9075712110370514
421.0
168.0
328.0
174.0
323.0
0.9075712110370514
421.0
176.0
322.0
178.0
320.0
0.9075712110370514
421.0
181.0
318.0
182.0
317.0
0.9075712110370514
421.0
185.0
315.0
185.0
315.0
0.9075712110370514
421.0
270.0
248.0
271.0
247.0
0.9075712110370514
421.0
273.0
246.0
280.0
240.0
0.9075712110370514
421.0
282.0
239.0
289.0
233.0
0.9075712110370514
421.0
291.0
232.0
294.0
229.0
0.9075712110370514
421.0
296.0
228.0
303.0
222.0
0.9075712110370514
421.0
305.0
221.0
312.0
215.0
0.9075712110370514
421.0
314.0
214.0
321.0
208.0
0.9075712110370514
421.0
323.0
207.0
326.0
204.0
0.9075712110370514
421.0
328.0
203.0
335.0
197.0
0.9075712110370514
421.0
337.0
196.0
344.0
190.0
0.9075712110370514
421.0
346.0
189.0
353.0
183.0
0.9075712110370514
421.0
355.0
182.0
358.0
179.0
0.9075712110370514
421.0
360.0
178.0
366.0
173.0
0.9075712110370514
421.0
448.0
109.0
448.0
109.0
0.9250245035569946
600.0
388.0
383.0
388.0
383.0
0.9250245035569946
600.0
456.0
331.0
456.0
331.0
0.9424777960769379
426.0
107.0
371.0
108.0
370.0
0.9424777960769379
426.0
112.0
368.0
112.0
368.0
0.9424777960769379
426.0
116.0
365.0
116.0
365.0
0.9424777960769379
426.0
123.0
360.0
123.0
360.0
0.9424777960769379
426.0
127.0
357.0
127.0
357.0
0.9424777960769379
426.0
134.0
352.0
134.0
352.0
0.9424777960769379
426.0
138.0
349.0
138.0
349.0
0.9424777960769379
426.0
145.0
344.0
145.0
344.0
0.9424777960769379
426.0
149.0
341.0
149.0
341.0
0.9424777960769379
426.0
152.0
339.0
152.0
339.0
0.9424777960769379
426.0
156.0
336.0
156.0
336.0
0.9424777960769379
426.0
160.0
333.0
160.0
333.0
0.9424777960769379
426.0
163.0
331.0
163.0
331.0
0.9424777960769379
426.0
167.0
328.0
167.0
328.0
0.9424777960769379
426.0
171.0
325.0
171.0
325.0
0.9424777960769379
426.0
174.0
323.0
174.0
323.0
0.9424777960769379
426.0
178.0
320.0
178.0
320.0
0.9424777960769379
426.0
182.0
317.0
182.0
317.0
0.9424777960769379
426.0
185.0
315.0
185.0
315.0
0.9424777960769379
426.0
189.0
312.0
189.0
312.0
0.9424777960769379
426.0
193.0
309.0
193.0
309.0
0.9424777960769379
426.0
196.0
307.0
196.0
307.0
0.9424777960769379
426.0
200.0
304.0
200.0
304.0
0.9424777960769379
426.0
204.0
301.0
204.0
301.0
0.9424777960769379
426.0
271.0
252.0
271.0
252.0
0.9424777960769379
426.0
531.0
63.0
531.0
63.0
0.9424777960769379
481.0
287.0
308.0
287.0
308.0
0.9424777960769379
481.0
451.0
189.0
451.0
189.0
0.9424777960769379
481.0
453.0
188.0
454.0
187.0
0.9424777960769379
481.0
456.0
186.0
456.0
186.0
0.9424777960769379
481.0
539.0
125.0
539.0
125.0
0.9599310885968813
601.0
387.0
384.0
388.0
383.0
0.9599310885968813
601.0
390.0
382.0
391.0
381.0
0.9599310885968813
601.0
456.0
335.0
456.0
335.0
0.9948376736367679
516.0
278.0
352.0
278.0
352.0
0.9948376736367679
516.0
296.0
341.0
296.0
341.0
0.9948376736367679
516.0
485.0
218.0
485.0
218.0
1.0122909661567112
470.0
283.0
293.0
283.0
293.0
1.0122909661567112
470.0
420.0
208.0
421.0
207.0
1.0122909661567112
470.0
424.0
205.0
424.0
205.0
1.0122909661567112
470.0
449.0
190.0
450.0
189.0
1.0122909661567112
470.0
452.0
188.0
452.0
188.0
1.0122909661567112
470.0
454.0
187.0
454.0
187.0
1.0122909661567112
470.0
530.0
139.0
531.0
138.0
1.0297442586766545
467.0
282.0
289.0
282.0
289.0
1.0297442586766545
467.0
423.0
205.0
423.0
205.0
1.0297442586766545
467.0
425.0
204.0
427.0
202.0
1.0297442586766545
467.0
450.0
189.0
450.0
189.0
1.0297442586766545
467.0
528.0
142.0
530.0
140.0
1.064650843716541
601.0
456.0
344.0
456.0
344.0
1.0995574287564276
456.0
110.0
361.0
110.0
361.0
1.0995574287564276
456.0
148.0
342.0
151.0
340.0
1.0995574287564276
456.0
153.0
339.0
153.0
339.0
1.0995574287564276
456.0
216.0
307.0
216.0
307.0
1.0995574287564276
456.0
278.0
276.0
278.0
276.0
1.0995574287564276
456.0
523.0
151.0
523.0
151.0
1.0995574287564276
690.0
515.0
417.0
518.0
416.0
1.0995574287564276
690.0
520.0
415.0
520.0
415.0
1.0995574287564276
690.0
536.0
407.0
537.0
406.0
1.1344640137963142
307.0
82.0
201.0
82.0
201.0
1.1344640137963142
307.0
146.0
171.0
149.0
170.0
1.1344640137963142
307.0
171.0
160.0
171.0
160.0
1.1344640137963142
307.0
232.0
131.0
232.0
131.0
1.1344640137963142
307.0
450.0
29.0
452.0
29.0
1.1344640137963142
451.0
115.0
345.0
115.0
345.0
1.1344640137963142
451.0
196.0
307.0
196.0
307.0
1.1344640137963142
451.0
198.0
306.0
199.0
305.0
1.1344640137963142
451.0
201.0
304.0
201.0
304.0
1.1344640137963142
451.0
208.0
301.0
208.0
301.0
1.1344640137963142
451.0
276.0
269.0
276.0
269.0
1.1344640137963142
451.0
456.0
186.0
456.0
186.0
1.1344640137963142
451.0
458.0
185.0
458.0
185.0
1.1344640137963142
451.0
460.0
184.0
460.0
184.0
1.1344640137963142
451.0
462.0
183.0
462.0
183.0
1.1344640137963142
451.0
519.0
156.0
519.0
156.0
1.1519173063162575
293.0
66.0
189.0
67.0
189.0
1.1519173063162575
293.0
104.0
172.0
105.0
172.0
1.1519173063162575
293.0
108.0
171.0
108.0
171.0
1.1519173063162575
293.0
177.0
140.0
178.0
139.0
1.1519173063162575
293.0
228.0
117.0
228.0
117.0
1.1519173063162575
293.0
428.0
28.0
429.0
28.0
1.1519173063162575
683.0
508.0
419.0
509.0
419.0
1.1519173063162575
683.0
511.0
418.0
512.0
418.0
1.1519173063162575
683.0
514.0
417.0
514.0
417.0
1.1519173063162575
683.0
536.0
407.0
537.0
406.0
1.1693705988362009
599.0
399.0
377.0
399.0
377.0
1.1693705988362009
599.0
401.0
376.0
401.0
376.0
1.1693705988362009
681.0
508.0
419.0
509.0
419.0
1.1693705988362009
681.0
511.0
418.0
512.0
418.0
1.1693705988362009
681.0
514.0
417.0
514.0
417.0
1.1693705988362009
681.0
517.0
416.0
517.0
416.0
1.1693705988362009
681.0
531.0
410.0
531.0
410.0
1.1693705988362009
681.0
533.0
409.0
533.0
409.0
1.1693705988362009
681.0
535.0
408.0
535.0
408.0
1.1868238913561442
467.0
113.0
350.0
113.0
350.0
1.1868238913561442
467.0
166.0
329.0
166.0
329.0
1.1868238913561442
467.0
168.0
328.0
168.0
328.0
1.1868238913561442
467.0
217.0
308.0
217.0
308.0
1.1868238913561442
467.0
280.0
283.0
280.0
283.0
1.2042771838760873
288.0
52.0
178.0
53.0
178.0
1.2042771838760873
288.0
64.0
173.0
68.0
172.0
1.2042771838760873
288.0
181.0
129.0
181.0
129.0
1.2042771838760873
288.0
226.0
111.0
226.0
111.0
1.2042771838760873
288.0
439.0
29.0
441.0
29.0
1.2042771838760873
424.0
129.0
294.0
129.0
294.0
1.2042771838760873
424.0
289.0
233.0
291.0
232.0
1.2042771838760873
424.0
529.0
141.0
530.0
140.0
1.2042771838760873
676.0
501.0
421.0
501.0
421.0
1.2042771838760873
676.0
504.0
420.0
508.0
419.0
1.2042771838760873
676.0
510.0
418.0
510.0
418.0
1.2042771838760873
676.0
531.0
410.0
531.0
410.0
1.2042771838760873
676.0
533.0
409.0
535.0
408.0
1.2217304763960306
437.0
126.0
306.0
126.0
306.0
1.2217304763960306
437.0
271.0
253.0
271.0
253.0
1.2217304763960306
437.0
456.0
186.0
456.0
186.0
1.2217304763960306
437.0
458.0
185.0
458.0
185.0
1.2217304763960306
437.0
460.0
184.0
462.0
183.0
1.2217304763960306
437.0
514.0
164.0
514.0
164.0
1.2566370614359172
495.0
109.0
365.0
109.0
365.0
1.2566370614359172
495.0
122.0
361.0
122.0
361.0
1.2566370614359172
495.0
124.0
360.0
124.0
360.0
1.2566370614359172
495.0
238.0
323.0
238.0
323.0
1.2566370614359172
495.0
287.0
307.0
287.0
307.0
1.2566370614359172
495.0
411.0
267.0
413.0
266.0
1.2566370614359172
495.0
506.0
236.0
506.0
236.0
1.2566370614359172
498.0
108.0
369.0
108.0
369.0
1.2566370614359172
498.0
114.0
367.0
115.0
366.0
1.2566370614359172
498.0
241.0
325.0
241.0
325.0
1.2566370614359172
498.0
402.0
273.0
403.0
273.0
1.2740903539558606
302.0
51.0
177.0
51.0
177.0
1.2740903539558606
302.0
63.0
173.0
65.0
173.0
1.2740903539558606
302.0
67.0
172.0
69.0
172.0
1.2740903539558606
302.0
178.0
138.0
178.0
138.0
1.2740903539558606
302.0
443.0
57.0
445.0
57.0
1.2740903539558606
313.0
61.0
185.0
62.0
185.0
1.2740903539558606
313.0
104.0
172.0
106.0
172.0
1.2740903539558606
313.0
108.0
171.0
110.0
171.0
1.2740903539558606
313.0
174.0
151.0
174.0
151.0
1.2740903539558606
313.0
233.0
133.0
233.0
133.0
1.2740903539558606
313.0
474.0
59.0
476.0
59.0
1.2740903539558606
495.0
110.0
361.0
110.0
361.0
1.2740903539558606
495.0
130.0
355.0
130.0
355.0
1.2740903539558606
495.0
132.0
354.0
132.0
354.0
1.2740903539558606
495.0
236.0
322.0
236.0
322.0
1.2740903539558606
495.0
287.0
307.0
287.0
307.0
1.2740903539558606
495.0
405.0
271.0
405.0
271.0
1.2740903539558606
495.0
407.0
270.0
407.0
270.0
1.2740903539558606
495.0
409.0
269.0
409.0
269.0
1.2740903539558606
495.0
509.0
239.0
509.0
239.0
1.2915436464758039
303.0
48.0
175.0
49.0
175.0
1.2915436464758039
303.0
53.0
173.0
56.0
173.0
1.2915436464758039
303.0
178.0
138.0
178.0
138.0
1.2915436464758039
303.0
230.0
123.0
230.0
123.0
1.2915436464758039
303.0
454.0
58.0
457.0
58.0
1.2915436464758039
494.0
112.0
355.0
112.0
355.0
1.2915436464758039
494.0
141.0
347.0
143.0
346.0
1.2915436464758039
494.0
234.0
320.0
234.0
320.0
1.2915436464758039
494.0
286.0
305.0
286.0
305.0
1.2915436464758039
494.0
405.0
271.0
406.0
271.0
1.2915436464758039
494.0
511.0
241.0
511.0
241.0
1.2915436464758039
663.0
488.0
423.0
488.0
423.0
1.2915436464758039
663.0
491.0
422.0
494.0
422.0
1.2915436464758039
663.0
496.0
421.0
497.0
421.0
1.2915436464758039
663.0
525.0
413.0
525.0
413.0
1.2915436464758039
663.0
527.0
412.0
528.0
412.0
1.2915436464758039
663.0
530.0
411.0
530.0
411.0
1.3089969389957472
309.0
50.0
176.0
50.0
176.0
1.3089969389957472
309.0
61.0
173.0
64.0
173.0
1.3089969389957472
309.0
67.0
172.0
68.0
172.0
1.3089969389957472
309.0
176.0
143.0
177.0
142.0
1.3089969389957472
309.0
231.0
128.0
231.0
128.0
1.3089969389957472
309.0
483.0
60.0
486.0
60.0
1.3089969389957472
328.0
69.0
191.0
69.0
191.0
1.3089969389957472
328.0
142.0
171.0
145.0
171.0
1.3089969389957472
328.0
148.0
170.0
149.0
170.0
1.3089969389957472
328.0
170.0
164.0
170.0
164.0
1.3089969389957472
328.0
237.0
146.0
237.0
146.0
1.3089969389957472
328.0
411.0
99.0
414.0
99.0
1.3089969389957472
328.0
542.0
64.0
544.0
64.0
1.3089969389957472
424.0
135.0
273.0
135.0
273.0
1.3089969389957472
424.0
292.0
231.0
293.0
230.0
1.3089969389957472
424.0
452.0
188.0
455.0
187.0
1.3089969389957472
424.0
457.0
186.0
457.0
186.0
1.3089969389957472
488.0
115.0
344.0
115.0
344.0
1.3089969389957472
488.0
162.0
332.0
164.0
331.0
1.3089969389957472
488.0
226.0
315.0
226.0
315.0
1.3089969389957472
488.0
284.0
299.0
284.0
299.0
1.3089969389957472
488.0
416.0
264.0
418.0
263.0
1.3089969389957472
488.0
509.0
239.0
509.0
239.0
1.3089969389957472
490.0
114.0
347.0
114.0
347.0
1.3089969389957472
490.0
158.0
335.0
158.0
335.0
1.3089969389957472
490.0
228.0
316.0
228.0
316.0
1.3089969389957472
490.0
285.0
301.0
285.0
301.0
1.3089969389957472
490.0
411.0
267.0
412.0
267.0
1.3264502315156905
322.0
59.0
183.0
59.0
183.0
1.3264502315156905
322.0
103.0
172.0
106.0
172.0
1.3264502315156905
322.0
108.0
171.0
111.0
171.0
1.3264502315156905
322.0
173.0
155.0
173.0
155.0
1.3264502315156905
322.0
235.0
140.0
235.0
140.0
1.3264502315156905
322.0
404.0
97.0
407.0
97.0
1.3264502315156905
322.0
539.0
64.0
540.0
64.0
1.3439035240356338
655.0
478.0
424.0
478.0
424.0
1.3439035240356338
655.0
483.0
423.0
486.0
423.0
1.3439035240356338
655.0
489.0
422.0
490.0
422.0
1.3439035240356338
655.0
520.0
415.0
521.0
415.0
1.3439035240356338
655.0
523.0
414.0
524.0
414.0
1.3439035240356338
655.0
526.0
413.0
526.0
413.0
1.413716694115407
484.0
123.0
317.0
123.0
317.0
1.413716694115407
484.0
199.0
305.0
199.0
305.0
1.413716694115407
484.0
282.0
292.0
282.0
292.0
1.413716694115407
484.0
402.0
273.0
403.0
273.0
1.413716694115407
484.0
456.0
265.0
456.0
265.0
1.413716694115407
484.0
525.0
254.0
525.0
254.0
1.4486232791552935
288.0
188.0
105.0
188.0
105.0
1.4486232791552935
288.0
223.0
101.0
223.0
101.0
1.4486232791552935
288.0
528.0
63.0
536.0
63.0
1.4486232791552935
579.0
429.0
369.0
431.0
369.0
1.4486232791552935
579.0
437.0
368.0
439.0
368.0
1.4486232791552935
638.0
415.0
430.0
415.0
430.0
1.4486232791552935
638.0
425.0
429.0
431.0
428.0
1.4486232791552935
638.0
460.0
424.0
467.0
424.0
1.4486232791552935
638.0
506.0
419.0
508.0
419.0
1.4486232791552935
638.0
510.0
418.0
513.0
418.0
1.4660765716752369
244.0
202.0
58.0
202.0
58.0
1.4660765716752369
244.0
209.0
57.0
209.0
57.0
1.4660765716752369
244.0
462.0
30.0
471.0
30.0
1.4660765716752369
286.0
189.0
101.0
189.0
101.0
1.4660765716752369
286.0
222.0
98.0
222.0
98.0
1.4660765716752369
286.0
541.0
64.0
549.0
64.0
1.4835298641951802
238.0
205.0
50.0
205.0
50.0
1.4835298641951802
238.0
207.0
50.0
207.0
50.0
1.4835298641951802
238.0
441.0
29.0
451.0
29.0
1.4835298641951802
632.0
415.0
427.0
415.0
427.0
1.4835298641951802
632.0
439.0
425.0
441.0
425.0
1.4835298641951802
632.0
447.0
424.0
457.0
424.0
1.4835298641951802
632.0
502.0
420.0
503.0
420.0
1.4835298641951802
632.0
506.0
419.0
509.0
419.0
1.5009831567151235
275.0
193.0
87.0
193.0
87.0
1.5009831567151235
275.0
218.0
85.0
218.0
85.0
1.5009831567151235
275.0
524.0
63.0
537.0
63.0
1.5009831567151235
277.0
193.0
89.0
193.0
89.0
1.5009831567151235
277.0
219.0
87.0
219.0
87.0
1.5009831567151235
277.0
539.0
64.0
552.0
64.0
1.5184364492350666
260.0
199.0
70.0
199.0
70.0
1.5184364492350666
260.0
213.0
69.0
213.0
69.0
1.5184364492350666
260.0
434.0
57.0
448.0
57.0
1.5184364492350666
262.0
198.0
72.0
198.0
72.0
1.5184364492350666
262.0
214.0
71.0
214.0
71.0
1.5184364492350666
262.0
449.0
58.0
463.0
58.0
1.5184364492350666
269.0
196.0
79.0
196.0
79.0
1.5184364492350666
269.0
216.0
78.0
216.0
78.0
1.5184364492350666
269.0
509.0
62.0
523.0
62.0
1.5184364492350666
570.0
437.0
368.0
437.0
368.0
1.5184364492350666
570.0
448.0
367.0
456.0
367.0
1.53588974175501
262.0
199.0
70.0
199.0
70.0
1.53588974175501
262.0
213.0
69.0
213.0
69.0
1.53588974175501
262.0
479.0
60.0
493.0
60.0
1.53588974175501
265.0
198.0
73.0
198.0
73.0
1.53588974175501
265.0
214.0
72.0
214.0
72.0
1.53588974175501
265.0
509.0
62.0
523.0
62.0
1.53588974175501
268.0
197.0
76.0
197.0
76.0
1.53588974175501
268.0
215.0
75.0
215.0
75.0
1.53588974175501
268.0
539.0
64.0
553.0
64.0
1.53588974175501
360.0
46.0
173.0
66.0
173.0
1.53588974175501
360.0
70.0
172.0
98.0
172.0
1.53588974175501
360.0
108.0
171.0
127.0
171.0
1.53588974175501
360.0
148.0
170.0
155.0
170.0
1.53588974175501
360.0
168.0
169.0
168.0
169.0
1.53588974175501
360.0
243.0
166.0
243.0
166.0
1.53588974175501
360.0
519.0
157.0
519.0
157.0
1.53588974175501
567.0
303.0
371.0
305.0
371.0
1.53588974175501
624.0
414.0
425.0
414.0
425.0
1.53588974175501
624.0
442.0
424.0
446.0
424.0
1.53588974175501
624.0
489.0
422.0
495.0
422.0
1.5533430342749532
227.0
439.0
29.0
461.0
29.0
1.5533430342749532
260.0
200.0
66.0
200.0
66.0
1.5533430342749532
260.0
212.0
66.0
212.0
66.0
1.5533430342749532
260.0
494.0
61.0
508.0
61.0
1.5533430342749532
261.0
200.0
67.0
200.0
67.0
1.5533430342749532
261.0
212.0
67.0
212.0
67.0
1.5533430342749532
261.0
509.0
62.0
523.0
62.0
1.5533430342749532
264.0
199.0
70.0
199.0
70.0
1.5533430342749532
264.0
213.0
70.0
213.0
70.0
1.5533430342749532
264.0
539.0
64.0
553.0
64.0
1.5533430342749532
621.0
414.0
424.0
414.0
424.0
1.5533430342749532
621.0
489.0
422.0
495.0
422.0
1.5707963267948966
224.0
439.0
29.0
461.0
29.0
1.5707963267948966
260.0
200.0
65.0
200.0
65.0
1.5707963267948966
260.0
212.0
65.0
212.0
65.0
1.5707963267948966
260.0
539.0
64.0
553.0
64.0
1.5882496193148399
559.0
110.0
360.0
110.0
360.0
1.5882496193148399
559.0
123.0
360.0
124.0
360.0
1.5882496193148399
559.0
292.0
363.0
293.0
363.0
1.5882496193148399
559.0
303.0
364.0
303.0
364.0
1.5882496193148399
559.0
471.0
367.0
477.0
367.0
1.6057029118347832
367.0
169.0
167.0
169.0
167.0
1.6057029118347832
367.0
244.0
170.0
264.0
170.0
1.6057029118347832
367.0
273.0
171.0
300.0
171.0
1.6057029118347832
367.0
306.0
172.0
329.0
172.0
1.6057029118347832
367.0
346.0
173.0
358.0
173.0
1.6057029118347832
367.0
365.0
174.0
365.0
174.0
1.6231562043547265
217.0
427.0
28.0
458.0
29.0
1.6231562043547265
217.0
462.0
30.0
473.0
30.0
1.6231562043547265
553.0
114.0
348.0
114.0
348.0
1.6231562043547265
553.0
138.0
349.0
139.0
349.0
1.6231562043547265
553.0
284.0
357.0
285.0
357.0
1.6231562043547265
553.0
301.0
358.0
301.0
358.0
1.6231562043547265
553.0
469.0
367.0
477.0
367.0
1.6406094968746698
243.0
426.0
56.0
433.0
56.0
1.6406094968746698
243.0
436.0
57.0
448.0
57.0
1.6406094968746698
243.0
450.0
58.0
477.0
59.0
1.6406094968746698
243.0
479.0
60.0
492.0
60.0
1.6406094968746698
243.0
494.0
61.0
506.0
61.0
1.6406094968746698
243.0
509.0
62.0
520.0
62.0
1.6406094968746698
243.0
524.0
63.0
535.0
63.0
1.6406094968746698
243.0
539.0
64.0
549.0
64.0
1.6406094968746698
243.0
554.0
65.0
561.0
65.0
1.6406094968746698
386.0
46.0
173.0
58.0
173.0
1.6406094968746698
386.0
340.0
193.0
341.0
193.0
1.6406094968746698
386.0
430.0
199.0
430.0
199.0
1.6406094968746698
424.0
98.0
214.0
100.0
215.0
1.6406094968746698
424.0
295.0
228.0
296.0
228.0
1.6406094968746698
424.0
513.0
243.0
513.0
243.0
1.6580627893946132
603.0
410.0
418.0
413.0
418.0
1.6580627893946132
603.0
476.0
424.0
478.0
424.0
1.6755160819145565
543.0
119.0
329.0
119.0
329.0
1.6755160819145565
543.0
160.0
333.0
160.0
333.0
1.6755160819145565
543.0
268.0
345.0
268.0
345.0
1.6755160819145565
543.0
298.0
348.0
298.0
348.0
1.6755160819145565
543.0
475.0
367.0
477.0
367.0
1.6755160819145565
543.0
485.0
368.0
486.0
368.0
1.6755160819145565
543.0
494.0
369.0
494.0
369.0
1.6755160819145565
600.0
404.0
416.0
404.0
416.0
1.6755160819145565
600.0
407.0
417.0
409.0
417.0
1.6755160819145565
600.0
472.0
424.0
478.0
424.0
1.6929693744344996
399.0
50.0
173.0
57.0
173.0
1.6929693744344996
399.0
324.0
206.0
324.0
206.0
1.6929693744344996
399.0
495.0
227.0
497.0
228.0
1.710422666954443
404.0
46.0
173.0
52.0
173.0
1.710422666954443
404.0
317.0
211.0
318.0
211.0
1.710422666954443
404.0
507.0
237.0
508.0
238.0
1.710422666954443
536.0
123.0
317.0
123.0
317.0
1.710422666954443
536.0
173.0
324.0
173.0
324.0
1.710422666954443
536.0
254.0
335.0
254.0
335.0
1.710422666954443
536.0
296.0
341.0
296.0
341.0
1.710422666954443
536.0
485.0
368.0
486.0
368.0
1.710422666954443
536.0
492.0
369.0
494.0
369.0
1.710422666954443
536.0
499.0
370.0
499.0
370.0
1.7278759594743862
202.0
457.0
29.0
461.0
29.0
1.7278759594743862
202.0
463.0
30.0
469.0
30.0
1.7278759594743862
399.0
100.0
172.0
106.0
172.0
1.7278759594743862
399.0
322.0
207.0
323.0
207.0
1.7278759594743862
399.0
504.0
235.0
506.0
236.0
1.7278759594743862
592.0
108.0
368.0
108.0
368.0
1.7278759594743862
592.0
111.0
369.0
111.0
369.0
1.7278759594743862
592.0
399.0
414.0
403.0
415.0
1.7278759594743862
592.0
458.0
424.0
463.0
424.0
1.7453292519943295
200.0
456.0
29.0
467.0
30.0
1.7627825445142729
525.0
128.0
298.0
128.0
298.0
1.7627825445142729
525.0
192.0
310.0
192.0
310.0
1.7627825445142729
525.0
231.0
318.0
231.0
318.0
1.7627825445142729
525.0
293.0
330.0
293.0
330.0
1.7627825445142729
525.0
486.0
368.0
486.0
368.0
1.7627825445142729
525.0
491.0
369.0
494.0
369.0
1.7627825445142729
525.0
497.0
370.0
499.0
370.0
1.7627825445142729
525.0
502.0
371.0
504.0
371.0
1.7627825445142729
525.0
507.0
372.0
509.0
372.0
1.7627825445142729
525.0
512.0
373.0
513.0
373.0
1.7627825445142729
587.0
111.0
358.0
111.0
358.0
1.7627825445142729
587.0
123.0
360.0
124.0
360.0
1.7627825445142729
587.0
396.0
413.0
397.0
413.0
1.7627825445142729
587.0
399.0
414.0
400.0
414.0
1.7627825445142729
587.0
403.0
415.0
403.0
415.0
1.7627825445142729
587.0
449.0
424.0
454.0
424.0
1.7802358370342162
375.0
174.0
152.0
174.0
152.0
1.7802358370342162
375.0
243.0
166.0
243.0
166.0
1.7802358370342162
375.0
259.0
170.0
262.0
170.0
1.7802358370342162
375.0
265.0
171.0
267.0
171.0
1.7802358370342162
375.0
347.0
188.0
347.0
188.0
1.7802358370342162
375.0
423.0
205.0
424.0
205.0
1.7802358370342162
375.0
485.0
218.0
486.0
218.0
1.7802358370342162
585.0
112.0
353.0
112.0
353.0
1.7802358370342162
585.0
128.0
357.0
128.0
357.0
1.7802358370342162
585.0
399.0
414.0
403.0
415.0
1.7802358370342162
585.0
406.0
416.0
406.0
416.0
1.7802358370342162
585.0
444.0
424.0
447.0
424.0
1.7976891295541595
424.0
58.0
173.0
61.0
173.0
1.7976891295541595
424.0
296.0
228.0
296.0
228.0
1.7976891295541595
424.0
456.0
265.0
456.0
265.0
1.8151424220741028
546.0
174.0
323.0
175.0
323.0
1.8151424220741028
546.0
270.0
347.0
271.0
347.0
1.8151424220741028
546.0
300.0
354.0
300.0
354.0
1.8151424220741028
546.0
397.0
378.0
397.0
378.0
1.8325957145940461
270.0
398.0
95.0
398.0
95.0
1.8325957145940461
270.0
400.0
96.0
402.0
96.0
1.8325957145940461
270.0
404.0
97.0
406.0
97.0
1.8325957145940461
270.0
408.0
98.0
409.0
98.0
1.8325957145940461
270.0
411.0
99.0
413.0
99.0
1.8325957145940461
270.0
415.0
100.0
424.0
102.0
1.8325957145940461
270.0
426.0
103.0
435.0
105.0
1.8325957145940461
270.0
437.0
106.0
446.0
108.0
1.8325957145940461
270.0
448.0
109.0
456.0
111.0
1.8325957145940461
270.0
484.0
118.0
484.0
118.0
1.8325957145940461
270.0
535.0
132.0
535.0
132.0
1.8325957145940461
508.0
288.0
312.0
288.0
312.0
1.8325957145940461
508.0
513.0
373.0
513.0
373.0
1.8325957145940461
577.0
117.0
338.0
117.0
338.0
1.8325957145940461
577.0
144.0
345.0
144.0
345.0
1.8325957145940461
577.0
394.0
412.0
398.0
413.0
1.8325957145940461
577.0
400.0
414.0
400.0
414.0
1.8325957145940461
577.0
441.0
425.0
441.0
425.0
1.8500490071139892
551.0
125.0
310.0
125.0
310.0
1.8500490071139892
551.0
173.0
324.0
173.0
324.0
1.8500490071139892
551.0
281.0
355.0
283.0
356.0
1.8500490071139892
551.0
302.0
361.0
302.0
361.0
1.8500490071139892
551.0
386.0
385.0
386.0
385.0
1.8500490071139892
574.0
118.0
332.0
118.0
332.0
1.8500490071139892
574.0
149.0
341.0
149.0
341.0
1.8500490071139892
574.0
393.0
411.0
393.0
411.0
1.8500490071139892
574.0
395.0
412.0
395.0
412.0
1.8500490071139892
574.0
398.0
413.0
398.0
413.0
1.8500490071139892
574.0
440.0
425.0
441.0
425.0
1.8675022996339325
193.0
433.0
28.0
435.0
28.0
1.8675022996339325
193.0
439.0
29.0
439.0
29.0
1.8675022996339325
193.0
551.0
64.0
556.0
65.0
1.8849555921538759
362.0
182.0
125.0
182.0
125.0
1.8849555921538759
362.0
235.0
142.0
236.0
143.0
1.8849555921538759
362.0
326.0
172.0
328.0
172.0
1.8849555921538759
362.0
425.0
204.0
425.0
204.0
1.8849555921538759
362.0
494.0
226.0
496.0
227.0
1.8849555921538759
368.0
180.0
131.0
180.0
131.0
1.8849555921538759
368.0
238.0
149.0
238.0
149.0
1.8849555921538759
368.0
303.0
171.0
308.0
172.0
1.8849555921538759
368.0
349.0
186.0
350.0
186.0
1.8849555921538759
368.0
505.0
236.0
505.0
236.0
1.8849555921538759
368.0
507.0
237.0
507.0
237.0
1.8849555921538759
380.0
177.0
142.0
177.0
142.0
1.8849555921538759
380.0
242.0
163.0
242.0
163.0
1.8849555921538759
380.0
261.0
170.0
263.0
170.0
1.8849555921538759
380.0
265.0
171.0
266.0
171.0
1.8849555921538759
380.0
338.0
195.0
338.0
195.0
1.8849555921538759
380.0
528.0
256.0
529.0
257.0
1.9024088846738192
491.0
134.0
242.0
136.0
243.0
1.9024088846738192
491.0
283.0
294.0
283.0
294.0
1.9024088846738192
491.0
513.0
373.0
513.0
373.0
1.9024088846738192
491.0
516.0
374.0
516.0
374.0
1.9024088846738192
491.0
519.0
375.0
519.0
375.0
1.9024088846738192
491.0
522.0
376.0
522.0
376.0
1.9024088846738192
566.0
389.0
409.0
389.0
409.0
1.9024088846738192
566.0
391.0
410.0
393.0
411.0
1.9024088846738192
566.0
413.0
418.0
413.0
418.0
1.9024088846738192
566.0
416.0
419.0
416.0
419.0
1.9024088846738192
566.0
436.0
426.0
438.0
426.0
1.9198621771937625
356.0
185.0
114.0
185.0
114.0
1.9198621771937625
356.0
232.0
131.0
232.0
131.0
1.9198621771937625
356.0
343.0
172.0
344.0
172.0
1.9198621771937625
356.0
346.0
173.0
347.0
173.0
1.9198621771937625
356.0
359.0
178.0
360.0
178.0
1.9198621771937625
356.0
427.0
202.0
427.0
202.0
1.9198621771937625
356.0
495.0
227.0
497.0
228.0
1.9198621771937625
424.0
141.0
171.0
143.0
171.0
1.9198621771937625
424.0
297.0
227.0
297.0
227.0
1.9198621771937625
424.0
456.0
285.0
456.0
285.0
1.9373154697137058
482.0
96.0
212.0
97.0
213.0
1.9373154697137058
482.0
280.0
283.0
280.0
283.0
1.9373154697137058
482.0
516.0
374.0
516.0
374.0
1.9373154697137058
482.0
519.0
375.0
519.0
375.0
1.9373154697137058
482.0
522.0
376.0
522.0
376.0
1.9373154697137058
482.0
524.0
377.0
524.0
377.0
1.9373154697137058
529.0
134.0
277.0
134.0
277.0
1.9373154697137058
529.0
202.0
303.0
202.0
303.0
1.9373154697137058
529.0
218.0
309.0
218.0
309.0
1.9373154697137058
529.0
220.0
310.0
221.0
311.0
1.9373154697137058
529.0
296.0
339.0
296.0
339.0
1.9373154697137058
529.0
397.0
378.0
397.0
378.0
1.9373154697137058
529.0
505.0
420.0
505.0
420.0
1.9547687622336491
424.0
154.0
170.0
156.0
170.0
1.9547687622336491
424.0
297.0
227.0
297.0
227.0
1.9547687622336491
424.0
405.0
271.0
406.0
271.0
1.9547687622336491
424.0
456.0
292.0
456.0
292.0
1.9547687622336491
557.0
127.0
302.0
127.0
302.0
1.9547687622336491
557.0
176.0
322.0
176.0
322.0
1.9547687622336491
557.0
387.0
407.0
387.0
407.0
1.9547687622336491
557.0
413.0
418.0
413.0
418.0
1.9547687622336491
557.0
416.0
419.0
416.0
419.0
1.9547687622336491
557.0
435.0
426.0
435.0
426.0
1.9722220547535925
350.0
189.0
101.0
189.0
101.0
1.9722220547535925
350.0
228.0
118.0
228.0
118.0
1.9722220547535925
350.0
358.0
173.0
359.0
173.0
1.9722220547535925
350.0
363.0
175.0
364.0
175.0
1.9722220547535925
350.0
427.0
202.0
427.0
202.0
1.9722220547535925
350.0
503.0
234.0
504.0
235.0
1.9722220547535925
350.0
506.0
236.0
506.0
236.0
1.9722220547535925
473.0
47.0
174.0
50.0
176.0
1.9722220547535925
473.0
277.0
272.0
277.0
272.0
1.9722220547535925
473.0
519.0
375.0
519.0
375.0
1.9722220547535925
473.0
521.0
376.0
522.0
376.0
1.9722220547535925
473.0
524.0
377.0
524.0
377.0
1.9722220547535925
473.0
526.0
378.0
526.0
378.0
1.9722220547535925
473.0
528.0
379.0
528.0
379.0
1.9896753472735358
468.0
275.0
266.0
275.0
266.0
1.9896753472735358
468.0
456.0
346.0
456.0
346.0
1.9896753472735358
468.0
522.0
376.0
522.0
376.0
2.007128639793479
464.0
84.0
172.0
85.0
172.0
2.007128639793479
464.0
273.0
260.0
274.0
261.0
2.007128639793479
464.0
456.0
345.0
456.0
345.0
2.007128639793479
464.0
519.0
375.0
519.0
375.0
2.007128639793479
464.0
521.0
376.0
526.0
378.0
2.007128639793479
464.0
528.0
379.0
528.0
379.0
2.007128639793479
464.0
530.0
380.0
530.0
380.0
2.007128639793479
464.0
532.0
381.0
532.0
381.0
2.0245819323134224
459.0
104.0
172.0
105.0
172.0
2.0245819323134224
459.0
271.0
253.0
272.0
254.0
2.0245819323134224
459.0
456.0
344.0
456.0
344.0
2.0245819323134224
459.0
522.0
376.0
522.0
376.0
2.0245819323134224
459.0
524.0
377.0
524.0
377.0
2.0245819323134224
459.0
526.0
378.0
526.0
378.0
2.0245819323134224
459.0
528.0
379.0
528.0
379.0
2.0245819323134224
459.0
530.0
380.0
530.0
380.0
2.0245819323134224
459.0
532.0
381.0
532.0
381.0
2.0245819323134224
488.0
55.0
180.0
56.0
181.0
2.0245819323134224
488.0
58.0
182.0
58.0
182.0
2.0245819323134224
488.0
282.0
291.0
282.0
291.0
2.0245819323134224
488.0
439.0
368.0
441.0
368.0
2.0245819323134224
492.0
69.0
191.0
70.0
192.0
2.0245819323134224
492.0
72.0
193.0
72.0
193.0
2.0245819323134224
492.0
284.0
296.0
284.0
296.0
2.0245819323134224
492.0
432.0
369.0
433.0
369.0
2.0245819323134224
546.0
132.0
282.0
132.0
282.0
2.0245819323134224
546.0
191.0
311.0
191.0
311.0
2.0245819323134224
546.0
280.0
354.0
283.0
356.0
2.0245819323134224
546.0
285.0
357.0
285.0
357.0
2.0245819323134224
546.0
303.0
366.0
303.0
366.0
2.0245819323134224
546.0
386.0
406.0
387.0
407.0
2.0245819323134224
546.0
406.0
416.0
406.0
416.0
2.0245819323134224
546.0
408.0
417.0
411.0
418.0
2.0245819323134224
546.0
413.0
419.0
413.0
419.0
2.0245819323134224
546.0
430.0
428.0
431.0
428.0
2.0420352248333655
454.0
121.0
171.0
122.0
171.0
2.0420352248333655
454.0
271.0
247.0
271.0
247.0
2.0420352248333655
454.0
456.0
342.0
456.0
342.0
2.0420352248333655
498.0
78.0
198.0
79.0
199.0
2.0420352248333655
498.0
81.0
200.0
81.0
200.0
2.0420352248333655
498.0
286.0
304.0
286.0
304.0
2.0420352248333655
498.0
418.0
372.0
418.0
372.0
2.059488517353309
449.0
138.0
171.0
139.0
171.0
2.059488517353309
449.0
275.0
244.0
275.0
244.0
2.059488517353309
449.0
456.0
340.0
456.0
340.0
2.076941809873252
503.0
66.0
189.0
66.0
189.0
2.076941809873252
503.0
68.0
190.0
69.0
191.0
2.076941809873252
503.0
288.0
312.0
288.0
312.0
2.076941809873252
503.0
403.0
376.0
403.0
376.0
2.076941809873252
503.0
488.0
423.0
488.0
423.0
2.076941809873252
537.0
137.0
267.0
137.0
267.0
2.076941809873252
537.0
202.0
303.0
202.0
303.0
2.076941809873252
537.0
236.0
322.0
239.0
324.0
2.076941809873252
537.0
241.0
325.0
242.0
326.0
2.076941809873252
537.0
301.0
358.0
301.0
358.0
2.076941809873252
537.0
384.0
404.0
385.0
405.0
2.076941809873252
537.0
403.0
415.0
403.0
415.0
2.076941809873252
537.0
405.0
416.0
407.0
417.0
2.076941809873252
537.0
413.0
420.0
413.0
420.0
2.0943951023931953
440.0
166.0
170.0
167.0
170.0
2.0943951023931953
440.0
456.0
337.0
456.0
337.0
2.0943951023931953
440.0
528.0
379.0
528.0
379.0
2.0943951023931953
440.0
530.0
380.0
530.0
380.0
2.0943951023931953
440.0
532.0
381.0
532.0
381.0
2.0943951023931953
440.0
535.0
383.0
535.0
383.0
2.111848394913139
435.0
170.0
163.0
170.0
163.0
2.111848394913139
435.0
288.0
234.0
288.0
234.0
2.111848394913139
435.0
456.0
335.0
456.0
335.0
2.111848394913139
435.0
530.0
380.0
530.0
380.0
2.111848394913139
435.0
532.0
381.0
532.0
381.0
2.111848394913139
435.0
535.0
383.0
535.0
383.0
2.111848394913139
510.0
61.0
185.0
61.0
185.0
2.111848394913139
510.0
63.0
186.0
65.0
188.0
2.111848394913139
510.0
67.0
189.0
67.0
189.0
2.111848394913139
510.0
291.0
323.0
291.0
323.0
2.111848394913139
510.0
458.0
424.0
459.0
424.0
2.111848394913139
512.0
74.0
195.0
75.0
196.0
2.111848394913139
512.0
77.0
197.0
78.0
198.0
2.111848394913139
512.0
81.0
200.0
81.0
200.0
2.111848394913139
512.0
292.0
326.0
292.0
326.0
2.111848394913139
512.0
454.0
424.0
455.0
424.0
2.129301687433082
394.0
183.0
120.0
183.0
120.0
2.129301687433082
394.0
239.0
155.0
240.0
156.0
2.129301687433082
394.0
263.0
170.0
263.0
170.0
2.129301687433082
394.0
265.0
171.0
265.0
171.0
2.129301687433082
394.0
322.0
207.0
323.0
207.0
2.129301687433082
394.0
415.0
265.0
415.0
265.0
2.129301687433082
394.0
456.0
291.0
456.0
291.0
2.129301687433082
430.0
172.0
156.0
172.0
156.0
2.129301687433082
430.0
292.0
231.0
292.0
231.0
2.129301687433082
430.0
456.0
333.0
456.0
333.0
2.129301687433082
430.0
532.0
381.0
532.0
381.0
2.1467549799530254
425.0
456.0
331.0
456.0
331.0
2.1642082724729685
522.0
65.0
188.0
66.0
189.0
2.1642082724729685
522.0
68.0
190.0
70.0
192.0
2.1642082724729685
522.0
72.0
193.0
73.0
194.0
2.1642082724729685
522.0
76.0
196.0
76.0
196.0
2.1642082724729685
522.0
297.0
345.0
297.0
345.0
2.1642082724729685
522.0
381.0
401.0
383.0
403.0
2.1642082724729685
522.0
398.0
413.0
398.0
413.0
2.1642082724729685
522.0
400.0
414.0
401.0
415.0
2.1642082724729685
522.0
414.0
424.0
414.0
424.0
2.1642082724729685
522.0
423.0
430.0
424.0
430.0
2.181661564992912
417.0
179.0
135.0
179.0
135.0
2.181661564992912
417.0
303.0
222.0
303.0
222.0
2.181661564992912
417.0
456.0
329.0
456.0
329.0
2.181661564992912
417.0
524.0
377.0
527.0
379.0
2.181661564992912
417.0
529.0
380.0
529.0
380.0
2.181661564992912
417.0
539.0
387.0
541.0
389.0
2.199114857512855
412.0
181.0
127.0
181.0
127.0
2.199114857512855
412.0
307.0
219.0
307.0
219.0
2.199114857512855
412.0
456.0
327.0
456.0
327.0
2.199114857512855
412.0
526.0
378.0
529.0
380.0
2.199114857512855
412.0
531.0
381.0
531.0
381.0
2.199114857512855
412.0
539.0
387.0
541.0
389.0
2.199114857512855
516.0
296.0
339.0
296.0
339.0
2.199114857512855
516.0
381.0
401.0
383.0
403.0
2.199114857512855
516.0
397.0
413.0
399.0
414.0
2.199114857512855
516.0
414.0
425.0
414.0
425.0
2.2165681500327987
407.0
242.0
164.0
242.0
164.0
2.2165681500327987
407.0
250.0
170.0
251.0
170.0
2.2165681500327987
407.0
311.0
216.0
311.0
216.0
2.2165681500327987
407.0
456.0
325.0
456.0
325.0
2.2165681500327987
407.0
526.0
378.0
526.0
378.0
2.2165681500327987
407.0
528.0
379.0
529.0
380.0
2.2165681500327987
407.0
531.0
381.0
531.0
381.0
2.2165681500327987
407.0
539.0
387.0
541.0
389.0
2.234021442552742
402.0
186.0
112.0
186.0
112.0
2.234021442552742
402.0
238.0
152.0
239.0
153.0
2.234021442552742
402.0
261.0
170.0
261.0
170.0
2.234021442552742
402.0
456.0
322.0
456.0
322.0
2.234021442552742
402.0
528.0
379.0
528.0
379.0
2.234021442552742
402.0
530.0
380.0
531.0
381.0
2.234021442552742
402.0
534.0
383.0
534.0
383.0
2.234021442552742
402.0
539.0
387.0
541.0
389.0
2.234021442552742
536.0
47.0
173.0
47.0
173.0
2.234021442552742
536.0
49.0
175.0
49.0
175.0
2.234021442552742
536.0
53.0
178.0
53.0
178.0
2.234021442552742
536.0
58.0
182.0
58.0
182.0
2.234021442552742
536.0
62.0
185.0
62.0
185.0
2.234021442552742
536.0
67.0
189.0
67.0
189.0
2.234021442552742
536.0
76.0
196.0
76.0
196.0
2.234021442552742
536.0
81.0
200.0
81.0
200.0
2.234021442552742
536.0
85.0
203.0
85.0
203.0
2.234021442552742
536.0
90.0
207.0
90.0
207.0
2.234021442552742
536.0
94.0
210.0
94.0
210.0
2.234021442552742
536.0
99.0
214.0
99.0
214.0
2.234021442552742
536.0
108.0
221.0
108.0
221.0
2.234021442552742
536.0
113.0
225.0
113.0
225.0
2.234021442552742
536.0
117.0
228.0
117.0
228.0
2.234021442552742
536.0
122.0
232.0
122.0
232.0
2.234021442552742
536.0
126.0
235.0
126.0
235.0
2.234021442552742
536.0
131.0
239.0
131.0
239.0
2.234021442552742
536.0
140.0
246.0
140.0
246.0
2.234021442552742
536.0
241.0
325.0
241.0
325.0
2.234021442552742
536.0
245.0
328.0
245.0
328.0
2.234021442552742
536.0
249.0
331.0
250.0
332.0
2.234021442552742
536.0
252.0
333.0
254.0
335.0
2.234021442552742
536.0
256.0
336.0
262.0
341.0
2.234021442552742
536.0
265.0
343.0
266.0
344.0
2.234021442552742
536.0
269.0
346.0
270.0
347.0
2.2689280275926285
392.0
191.0
95.0
191.0
95.0
2.2689280275926285
392.0
231.0
129.0
232.0
130.0
2.2689280275926285
392.0
281.0
171.0
281.0
171.0
2.2689280275926285
392.0
403.0
273.0
403.0
273.0
2.2689280275926285
392.0
456.0
318.0
456.0
318.0
2.2689280275926285
392.0
530.0
380.0
534.0
383.0
2.2689280275926285
392.0
538.0
386.0
541.0
389.0
2.2863813201125716
387.0
227.0
116.0
228.0
117.0
2.2863813201125716
387.0
290.0
171.0
290.0
171.0
2.2863813201125716
387.0
327.0
203.0
327.0
203.0
2.2863813201125716
387.0
405.0
271.0
405.0
271.0
2.2863813201125716
387.0
456.0
315.0
456.0
315.0
2.2863813201125716
387.0
532.0
381.0
534.0
383.0
2.2863813201125716
387.0
537.0
385.0
541.0
389.0
2.2863813201125716
500.0
118.0
171.0
118.0
171.0
2.2863813201125716
500.0
291.0
321.0
291.0
321.0
2.2863813201125716
500.0
381.0
400.0
381.0
400.0
2.2863813201125716
500.0
395.0
412.0
396.0
413.0
2.2863813201125716
500.0
415.0
429.0
415.0
429.0
2.303834612632515
292.0
452.0
188.0
452.0
188.0
2.303834612632515
292.0
471.0
205.0
474.0
208.0
2.303834612632515
292.0
476.0
209.0
484.0
217.0
2.303834612632515
292.0
486.0
218.0
494.0
226.0
2.303834612632515
292.0
496.0
227.0
504.0
235.0
2.303834612632515
292.0
506.0
236.0
514.0
244.0
2.303834612632515
292.0
516.0
245.0
524.0
253.0
2.303834612632515
292.0
526.0
254.0
531.0
259.0
2.303834612632515
382.0
196.0
78.0
196.0
78.0
2.303834612632515
382.0
223.0
103.0
224.0
104.0
2.303834612632515
382.0
299.0
171.0
299.0
171.0
2.303834612632515
382.0
331.0
200.0
331.0
200.0
2.303834612632515
382.0
408.0
269.0
408.0
269.0
2.303834612632515
382.0
456.0
312.0
456.0
312.0
2.303834612632515
382.0
532.0
381.0
534.0
383.0
2.303834612632515
382.0
536.0
384.0
541.0
389.0
2.303834612632515
417.0
185.0
116.0
185.0
116.0
2.303834612632515
417.0
243.0
168.0
246.0
170.0
2.303834612632515
417.0
303.0
222.0
303.0
222.0
2.303834612632515
417.0
464.0
367.0
464.0
367.0
2.303834612632515
417.0
519.0
416.0
519.0
416.0
2.321287905152458
377.0
199.0
70.0
199.0
70.0
2.321287905152458
377.0
219.0
89.0
219.0
89.0
2.321287905152458
377.0
308.0
172.0
308.0
172.0
2.321287905152458
377.0
335.0
197.0
335.0
197.0
2.321287905152458
377.0
456.0
310.0
456.0
310.0
2.321287905152458
377.0
532.0
381.0
533.0
382.0
2.321287905152458
377.0
535.0
383.0
541.0
389.0
2.321287905152458
494.0
136.0
171.0
136.0
171.0
2.321287905152458
494.0
288.0
313.0
289.0
314.0
2.321287905152458
494.0
381.0
400.0
381.0
400.0
2.321287905152458
494.0
392.0
410.0
394.0
412.0
2.321287905152458
494.0
416.0
432.0
416.0
432.0
2.3387411976724017
417.0
242.0
163.0
242.0
163.0
2.3387411976724017
417.0
249.0
170.0
250.0
170.0
2.3387411976724017
417.0
303.0
222.0
303.0
222.0
2.3387411976724017
417.0
453.0
367.0
454.0
367.0
2.3387411976724017
417.0
507.0
419.0
507.0
419.0
2.356194490192345
367.0
204.0
52.0
204.0
52.0
2.356194490192345
367.0
209.0
57.0
210.0
58.0
2.356194490192345
367.0
324.0
172.0
324.0
172.0
2.356194490192345
367.0
343.0
191.0
343.0
191.0
2.356194490192345
367.0
416.0
264.0
416.0
264.0
2.356194490192345
367.0
456.0
304.0
456.0
304.0
2.356194490192345
367.0
535.0
383.0
541.0
389.0
2.356194490192345
369.0
211.0
62.0
211.0
62.0
2.356194490192345
369.0
321.0
172.0
321.0
172.0
2.356194490192345
369.0
414.0
265.0
414.0
265.0
2.356194490192345
369.0
456.0
307.0
456.0
307.0
2.356194490192345
369.0
528.0
379.0
529.0
380.0
2.356194490192345
369.0
543.0
394.0
543.0
394.0
2.356194490192345
412.0
189.0
101.0
189.0
101.0
2.356194490192345
412.0
238.0
150.0
238.0
150.0
2.356194490192345
412.0
258.0
170.0
258.0
170.0
2.356194490192345
412.0
307.0
219.0
307.0
219.0
2.356194490192345
412.0
455.0
367.0
455.0
367.0
2.356194490192345
412.0
507.0
419.0
507.0
419.0
2.356194490192345
479.0
164.0
170.0
164.0
170.0
2.356194490192345
479.0
281.0
287.0
281.0
287.0
2.356194490192345
479.0
412.0
418.0
413.0
419.0
2.356194490192345
479.0
424.0
430.0
424.0
430.0
2.356194490192345
484.0
157.0
170.0
157.0
170.0
2.356194490192345
484.0
284.0
297.0
284.0
297.0
2.356194490192345
484.0
380.0
393.0
380.0
393.0
2.356194490192345
484.0
402.0
415.0
402.0
415.0
2.356194490192345
484.0
415.0
428.0
415.0
428.0
2.356194490192345
484.0
418.0
431.0
418.0
431.0
2.356194490192345
559.0
54.0
173.0
54.0
173.0
2.356194490192345
559.0
81.0
200.0
84.0
203.0
2.356194490192345
559.0
139.0
258.0
139.0
258.0
2.356194490192345
561.0
51.0
173.0
51.0
173.0
2.356194490192345
561.0
67.0
189.0
71.0
193.0
2.356194490192345
561.0
190.0
312.0
190.0
312.0
2.3736477827122884
362.0
331.0
172.0
331.0
172.0
2.3736477827122884
362.0
456.0
302.0
456.0
302.0
2.3736477827122884
362.0
532.0
381.0
534.0
383.0
2.3736477827122884
362.0
541.0
390.0
542.0
391.0
2.4085543677521746
353.0
344.0
172.0
344.0
172.0
2.4085543677521746
353.0
456.0
297.0
456.0
297.0
2.4085543677521746
353.0
532.0
381.0
534.0
383.0
2.4085543677521746
353.0
542.0
392.0
543.0
393.0
2.426007660272118
348.0
352.0
173.0
352.0
173.0
2.426007660272118
348.0
456.0
293.0
456.0
293.0
2.426007660272118
348.0
532.0
381.0
534.0
383.0
2.426007660272118
348.0
542.0
392.0
543.0
393.0
2.443460952792061
343.0
358.0
173.0
358.0
173.0
2.443460952792061
343.0
456.0
289.0
456.0
290.0
2.443460952792061
343.0
534.0
383.0
534.0
383.0
2.443460952792061
343.0
542.0
392.0
543.0
393.0
2.4609142453120048
424.0
191.0
95.0
191.0
95.0
2.4609142453120048
424.0
239.0
154.0
239.0
154.0
2.4609142453120048
424.0
240.0
156.0
240.0
156.0
2.4609142453120048
424.0
252.0
170.0
252.0
170.0
2.4609142453120048
424.0
415.0
372.0
415.0
372.0
2.4609142453120048
424.0
457.0
424.0
457.0
424.0
2.4609142453120048
468.0
276.0
270.0
276.0
270.0
2.4609142453120048
468.0
380.0
398.0
381.0
400.0
2.4609142453120048
468.0
385.0
405.0
389.0
409.0
2.478367537831948
411.0
197.0
77.0
197.0
77.0
2.478367537831948
411.0
227.0
115.0
227.0
115.0
2.478367537831948
411.0
228.0
117.0
228.0
117.0
2.478367537831948
411.0
271.0
171.0
271.0
171.0
2.478367537831948
411.0
426.0
370.0
426.0
370.0
2.478367537831948
411.0
468.0
424.0
468.0
424.0
2.4958208303518914
329.0
456.0
279.0
456.0
279.0
2.4958208303518914
329.0
535.0
383.0
535.0
383.0
2.4958208303518914
329.0
543.0
394.0
543.0
394.0
2.5132741228718345
398.0
204.0
53.0
204.0
54.0
2.5132741228718345
398.0
211.0
63.0
212.0
65.0
2.5132741228718345
398.0
289.0
171.0
289.0
171.0
2.5132741228718345
398.0
433.0
369.0
433.0
369.0
2.5132741228718345
398.0
473.0
424.0
473.0
424.0
2.5132741228718345
458.0
182.0
125.0
182.0
125.0
2.5132741228718345
458.0
271.0
247.0
271.0
247.0
2.5132741228718345
458.0
380.0
397.0
381.0
399.0
2.5132741228718345
458.0
385.0
405.0
388.0
408.0
2.530727415391778
413.0
222.0
99.0
223.0
101.0
2.530727415391778
413.0
272.0
171.0
272.0
171.0
2.530727415391778
413.0
449.0
424.0
449.0
424.0
2.548180707911721
405.0
204.0
53.0
204.0
54.0
2.548180707911721
405.0
212.0
65.0
212.0
66.0
2.548180707911721
405.0
283.0
171.0
283.0
171.0
2.548180707911721
405.0
454.0
424.0
454.0
424.0
2.5830872929516078
430.0
197.0
76.0
197.0
77.0
2.5830872929516078
430.0
232.0
132.0
232.0
132.0
2.5830872929516078
430.0
233.0
134.0
233.0
134.0
2.5830872929516078
430.0
234.0
136.0
234.0
136.0
2.5830872929516078
430.0
256.0
170.0
256.0
170.0
2.5830872929516078
430.0
293.0
230.0
293.0
230.0
2.5830872929516078
430.0
389.0
383.0
389.0
383.0
2.5830872929516078
430.0
411.0
418.0
411.0
418.0
2.5830872929516078
430.0
413.0
422.0
414.0
424.0
2.5830872929516078
430.0
419.0
431.0
419.0
431.0
2.600540585471551
413.0
205.0
50.0
205.0
50.0
2.600540585471551
413.0
209.0
57.0
210.0
59.0
2.600540585471551
413.0
211.0
61.0
211.0
61.0
2.600540585471551
413.0
277.0
171.0
277.0
171.0
2.600540585471551
413.0
401.0
376.0
401.0
376.0
2.6179938779914944
424.0
202.0
60.0
202.0
60.0
2.6179938779914944
424.0
219.0
89.0
220.0
92.0
2.6179938779914944
424.0
266.0
171.0
266.0
171.0
2.6179938779914944
424.0
298.0
226.0
298.0
226.0
2.6179938779914944
424.0
388.0
383.0
388.0
383.0
2.6179938779914944
424.0
408.0
417.0
408.0
417.0
2.6179938779914944
424.0
415.0
429.0
415.0
429.0
2.6179938779914944
424.0
416.0
431.0
417.0
432.0
2.6179938779914944
439.0
196.0
79.0
196.0
80.0
2.6179938779914944
439.0
238.0
152.0
238.0
152.0
2.6179938779914944
439.0
239.0
154.0
240.0
156.0
2.6179938779914944
439.0
248.0
170.0
248.0
170.0
2.6179938779914944
439.0
286.0
236.0
286.0
236.0
2.6179938779914944
439.0
380.0
398.0
380.0
398.0
2.6179938779914944
439.0
381.0
400.0
383.0
403.0
2.670353755551324
429.0
204.0
52.0
204.0
53.0
2.670353755551324
429.0
213.0
70.0
213.0
70.0
2.670353755551324
429.0
214.0
72.0
215.0
75.0
2.670353755551324
429.0
264.0
170.0
264.0
170.0
2.670353755551324
429.0
294.0
229.0
294.0
229.0
2.670353755551324
429.0
380.0
398.0
381.0
400.0
2.670353755551324
429.0
382.0
402.0
383.0
403.0
2.6878070480712677
408.0
289.0
171.0
289.0
171.0
2.6878070480712677
408.0
311.0
216.0
311.0
216.0
2.6878070480712677
408.0
391.0
381.0
391.0
381.0
2.6878070480712677
408.0
409.0
417.0
409.0
417.0
2.6878070480712677
408.0
415.0
429.0
416.0
432.0
2.7401669256310974
396.0
305.0
171.0
306.0
172.0
2.7401669256310974
396.0
321.0
208.0
321.0
208.0
2.7401669256310974
396.0
394.0
380.0
394.0
380.0
2.7401669256310974
396.0
410.0
418.0
410.0
418.0
2.7401669256310974
396.0
414.0
426.0
414.0
426.0
2.7401669256310974
396.0
415.0
429.0
416.0
432.0
2.7576202181510405
392.0
311.0
172.0
311.0
172.0
2.7576202181510405
392.0
395.0
379.0
395.0
379.0
2.7576202181510405
392.0
410.0
418.0
410.0
418.0
2.7576202181510405
392.0
414.0
426.0
414.0
426.0
2.7576202181510405
392.0
415.0
429.0
416.0
432.0
2.792526803190927
384.0
321.0
172.0
321.0
172.0
2.792526803190927
384.0
332.0
200.0
332.0
200.0
2.792526803190927
384.0
411.0
418.0
411.0
418.0
2.792526803190927
384.0
414.0
426.0
414.0
426.0
2.792526803190927
384.0
415.0
429.0
416.0
432.0
2.8099800957108707
380.0
326.0
172.0
326.0
172.0
2.8099800957108707
380.0
335.0
197.0
335.0
197.0
2.8099800957108707
380.0
397.0
378.0
397.0
378.0
2.8099800957108707
380.0
411.0
418.0
411.0
418.0
2.8099800957108707
380.0
414.0
425.0
414.0
426.0
2.8099800957108707
380.0
415.0
428.0
416.0
432.0
2.827433388230814
377.0
330.0
172.0
330.0
172.0
2.827433388230814
377.0
338.0
195.0
338.0
195.0
2.827433388230814
377.0
397.0
378.0
397.0
378.0
2.827433388230814
377.0
410.0
418.0
410.0
418.0
2.8448866807507573
460.0
206.0
46.0
207.0
50.0
2.8448866807507573
460.0
208.0
52.0
210.0
60.0
2.8448866807507573
460.0
211.0
62.0
211.0
63.0
2.8448866807507573
460.0
212.0
65.0
214.0
73.0
2.8448866807507573
460.0
215.0
75.0
218.0
86.0
2.8448866807507573
460.0
219.0
88.0
221.0
96.0
2.8448866807507573
460.0
222.0
98.0
222.0
99.0
2.8448866807507573
460.0
223.0
101.0
225.0
109.0
2.8448866807507573
460.0
226.0
111.0
226.0
112.0
2.8448866807507573
460.0
227.0
114.0
229.0
122.0
2.8448866807507573
460.0
230.0
124.0
230.0
125.0
2.8448866807507573
460.0
231.0
127.0
233.0
135.0
2.8448866807507573
460.0
234.0
137.0
236.0
145.0
2.8448866807507573
460.0
237.0
147.0
237.0
148.0
2.8448866807507573
460.0
238.0
150.0
240.0
158.0
2.8448866807507573
460.0
241.0
160.0
241.0
161.0
2.8448866807507573
460.0
242.0
163.0
244.0
170.0
2.8448866807507573
460.0
287.0
310.0
287.0
310.0
2.8448866807507573
460.0
288.0
313.0
288.0
313.0
2.8448866807507573
460.0
289.0
317.0
289.0
317.0
2.8448866807507573
460.0
290.0
320.0
290.0
320.0
2.8448866807507573
460.0
291.0
323.0
291.0
324.0
2.8448866807507573
460.0
292.0
326.0
292.0
327.0
2.8448866807507573
460.0
293.0
330.0
293.0
331.0
2.8448866807507573
460.0
294.0
333.0
294.0
334.0
2.8448866807507573
460.0
295.0
336.0
295.0
338.0
2.8448866807507573
460.0
296.0
340.0
296.0
341.0
2.8448866807507573
460.0
297.0
343.0
300.0
355.0
2.8448866807507573
460.0
301.0
357.0
301.0
358.0
2.8448866807507573
460.0
302.0
360.0
302.0
361.0
2.8448866807507573
460.0
303.0
364.0
303.0
365.0
2.8448866807507573
460.0
304.0
367.0
304.0
368.0
2.8448866807507573
460.0
305.0
371.0
305.0
371.0
2.8623399732707004
237.0
436.0
28.0
436.0
28.0
2.8623399732707004
237.0
445.0
57.0
445.0
57.0
2.8623399732707004
237.0
493.0
225.0
493.0
225.0
2.8623399732707004
237.0
539.0
387.0
540.0
388.0
2.8797932657906435
365.0
345.0
172.0
346.0
173.0
2.8797932657906435
365.0
349.0
186.0
349.0
186.0
2.8797932657906435
365.0
400.0
377.0
400.0
377.0
2.8797932657906435
365.0
411.0
418.0
411.0
418.0
2.897246558310587
229.0
451.0
29.0
451.0
29.0
2.897246558310587
229.0
458.0
58.0
458.0
58.0
2.897246558310587
229.0
477.0
136.0
477.0
136.0
2.897246558310587
229.0
501.0
232.0
501.0
232.0
2.897246558310587
229.0
540.0
388.0
540.0
388.0
2.897246558310587
229.0
541.0
390.0
541.0
390.0
2.897246558310587
229.0
543.0
398.0
543.0
398.0
2.91469985083053
225.0
458.0
29.0
458.0
29.0
2.91469985083053
225.0
464.0
59.0
464.0
59.0
2.91469985083053
225.0
480.0
128.0
480.0
128.0
2.91469985083053
225.0
505.0
236.0
505.0
236.0
2.91469985083053
225.0
540.0
388.0
541.0
390.0
2.91469985083053
225.0
543.0
397.0
543.0
398.0
2.949606435870417
218.0
471.0
30.0
471.0
30.0
2.949606435870417
218.0
476.0
59.0
476.0
59.0
2.949606435870417
218.0
487.0
112.0
487.0
112.0
2.949606435870417
218.0
512.0
242.0
512.0
242.0
2.949606435870417
218.0
540.0
388.0
540.0
388.0
2.949606435870417
218.0
541.0
390.0
541.0
390.0
2.949606435870417
218.0
542.0
399.0
542.0
399.0
2.949606435870417
350.0
364.0
173.0
364.0
173.0
2.949606435870417
350.0
364.0
175.0
364.0
175.0
2.949606435870417
350.0
403.0
376.0
403.0
376.0
2.949606435870417
350.0
412.0
418.0
412.0
418.0
3.01941960595019
335.0
395.0
278.0
395.0
278.0
3.01941960595019
335.0
407.0
374.0
407.0
374.0
3.01941960595019
335.0
412.0
418.0
412.0
418.0
3.01941960595019
335.0
413.0
420.0
413.0
422.0
3.07177948351002
194.0
518.0
62.0
518.0
62.0
3.07177948351002
194.0
524.0
149.0
524.0
149.0
3.07177948351002
194.0
541.0
389.0
541.0
390.0
3.07177948351002
194.0
542.0
399.0
542.0
400.0
3.07177948351002
356.0
364.0
173.0
364.0
173.0
3.07177948351002
356.0
364.0
175.0
364.0
175.0
3.0892327760299634
450.0
270.0
171.0
270.0
171.0
3.0892327760299634
450.0
274.0
245.0
274.0
245.0
3.0892327760299634
450.0
275.0
264.0
276.0
271.0
3.0892327760299634
450.0
280.0
354.0
280.0
354.0
3.1066860685499065
317.0
402.0
96.0
402.0
96.0
3.1066860685499065
317.0
408.0
269.0
408.0
269.0
3.1066860685499065
317.0
412.0
373.0
412.0
373.0
3.1066860685499065
317.0
413.0
418.0
413.0
422.0
3.12413936106985
270.0
450.0
29.0
450.0
29.0
3.12413936106985
270.0
451.0
58.0
451.0
58.0
3.12413936106985
270.0
451.0
110.0
451.0
110.0
3.12413936106985
270.0
453.0
188.0
453.0
188.0
3.12413936106985
270.0
456.0
343.0
456.0
346.0
3.12413936106985
270.0
456.0
367.0
456.0
367.0
3.12413936106985
270.0
457.0
424.0
457.0
424.0
3.12413936106985
424.0
298.0
171.0
298.0
171.0
3.12413936106985
424.0
299.0
225.0
299.0
225.0
3.12413936106985
424.0
302.0
360.0
302.0
363.0
3.12413936106985
424.0
302.0
370.0
302.0
370.0
