0.0
104.0
47.0
40.0
47.0
180.0
0.0
105.0
48.0
40.0
48.0
180.0
1.5707963267948966
227.0
47.0
180.0
149.0
180.0
2.5132741228718345
161.0
47.0
40.0
50.0
44.0
2.5132741228718345
161.0
51.0
46.0
53.0
48.0
2.5132741228718345
161.0
54.0
50.0
55.0
51.0
2.5132741228718345
161.0
56.0
53.0
58.0
55.0
2.5132741228718345
161.0
59.0
57.0
61.0
60.0
2.5132741228718345
161.0
63.0
62.0
63.0
62.0
2.5132741228718345
161.0
64.0
64.0
66.0
67.0
2.5132741228718345
161.0
68.0
69.0
71.0
74.0
2.5132741228718345
161.0
73.0
76.0
74.0
77.0
2.5132741228718345
161.0
75.0
79.0
77.0
81.0
2.5132741228718345
161.0
78.0
83.0
79.0
84.0
2.5132741228718345
161.0
80.0
86.0
84.0
91.0
2.5132741228718345
161.0
86.0
94.0
98.0
110.0
2.5132741228718345
161.0
99.0
112.0
103.0
117.0
2.5132741228718345
161.0
104.0
119.0
108.0
124.0
2.5132741228718345
161.0
109.0
126.0
111.0
128.0
2.5132741228718345
161.0
112.0
130.0
116.0
135.0
2.5132741228718345
161.0
117.0
137.0
148.0
180.0
3.12413936106985
213.0
47.0
56.0
48.0
169.0
3.12413936106985
213.0
49.0
180.0
49.0
180.0
