0.4188790204786391
124.0
98.0
37.0
97.0
39.0
0.4188790204786391
124.0
96.0
41.0
96.0
41.0
0.4188790204786391
124.0
95.0
43.0
93.0
48.0
0.4188790204786391
124.0
92.0
50.0
92.0
50.0
0.4188790204786391
124.0
91.0
52.0
89.0
57.0
0.4188790204786391
124.0
88.0
59.0
85.0
65.0
0.4188790204786391
124.0
84.0
68.0
82.0
72.0
0.4188790204786391
124.0
81.0
74.0
80.0
77.0
0.4188790204786391
124.0
79.0
79.0
77.0
84.0
0.4188790204786391
124.0
76.0
86.0
75.0
88.0
0.4188790204786391
124.0
74.0
90.0
73.0
93.0
0.4188790204786391
124.0
72.0
95.0
72.0
95.0
0.4188790204786391
124.0
71.0
97.0
69.0
102.0
0.4188790204786391
124.0
68.0
104.0
68.0
104.0
0.4188790204786391
124.0
67.0
106.0
65.0
111.0
0.4188790204786391
124.0
64.0
113.0
63.0
115.0
0.4188790204786391
124.0
62.0
117.0
61.0
119.0
0.4188790204786391
124.0
60.0
122.0
60.0
122.0
0.4188790204786391
124.0
59.0
124.0
58.0
126.0
0.4188790204786391
124.0
57.0
128.0
57.0
129.0
0.4188790204786391
124.0
56.0
131.0
56.0
131.0
0.4188790204786391
124.0
55.0
133.0
55.0
133.0
0.4188790204786391
124.0
54.0
135.0
53.0
138.0
0.4188790204786391
124.0
52.0
140.0
51.0
142.0
0.4188790204786391
124.0
50.0
144.0
50.0
144.0
0.4188790204786391
124.0
49.0
146.0
49.0
146.0
0.4188790204786391
124.0
48.0
149.0
48.0
149.0
0.4188790204786391
124.0
47.0
151.0
47.0
151.0
0.4188790204786391
124.0
46.0
153.0
46.0
153.0
0.4188790204786391
124.0
45.0
155.0
45.0
156.0
0.4188790204786391
124.0
43.0
160.0
43.0
160.0
0.4188790204786391
124.0
42.0
162.0
40.0
167.0
0.4188790204786391
124.0
38.0
171.0
37.0
173.0
0.4188790204786391
124.0
36.0
175.0
36.0
175.0
0.4188790204786391
124.0
35.0
178.0
34.0
180.0
0.4188790204786391
124.0
33.0
182.0
33.0
182.0
1.5707963267948966
229.0
32.0
182.0
163.0
182.0
2.722713633111154
135.0
97.0
37.0
98.0
39.0
2.722713633111154
135.0
99.0
41.0
99.0
41.0
2.722713633111154
135.0
100.0
43.0
100.0
43.0
2.722713633111154
135.0
101.0
45.0
101.0
46.0
2.722713633111154
135.0
103.0
50.0
103.0
50.0
2.722713633111154
135.0
104.0
52.0
105.0
54.0
2.722713633111154
135.0
106.0
57.0
106.0
57.0
2.722713633111154
135.0
107.0
59.0
107.0
59.0
2.722713633111154
135.0
108.0
61.0
109.0
64.0
2.722713633111154
135.0
111.0
68.0
112.0
70.0
2.722713633111154
135.0
113.0
72.0
113.0
72.0
2.722713633111154
135.0
114.0
74.0
114.0
74.0
2.722713633111154
135.0
115.0
77.0
115.0
77.0
2.722713633111154
135.0
116.0
79.0
117.0
81.0
2.722713633111154
135.0
118.0
83.0
118.0
84.0
2.722713633111154
135.0
119.0
86.0
119.0
86.0
2.722713633111154
135.0
120.0
88.0
120.0
88.0
2.722713633111154
135.0
122.0
92.0
122.0
93.0
2.722713633111154
135.0
123.0
95.0
123.0
95.0
2.722713633111154
135.0
125.0
99.0
126.0
101.0
2.722713633111154
135.0
127.0
104.0
127.0
104.0
2.722713633111154
135.0
128.0
106.0
129.0
108.0
2.722713633111154
135.0
130.0
110.0
130.0
111.0
2.722713633111154
135.0
132.0
115.0
132.0
115.0
2.722713633111154
135.0
133.0
117.0
133.0
117.0
2.722713633111154
135.0
134.0
119.0
134.0
119.0
2.722713633111154
135.0
135.0
122.0
135.0
122.0
2.722713633111154
135.0
136.0
124.0
136.0
124.0
2.722713633111154
135.0
137.0
126.0
137.0
126.0
2.722713633111154
135.0
138.0
128.0
138.0
128.0
2.722713633111154
135.0
139.0
131.0
139.0
131.0
2.722713633111154
135.0
140.0
133.0
140.0
133.0
2.722713633111154
135.0
141.0
135.0
141.0
135.0
2.722713633111154
135.0
142.0
137.0
142.0
138.0
2.722713633111154
135.0
144.0
142.0
144.0
142.0
2.722713633111154
135.0
146.0
146.0
146.0
146.0
2.722713633111154
135.0
147.0
149.0
147.0
149.0
2.722713633111154
135.0
149.0
153.0
149.0
153.0
2.722713633111154
135.0
150.0
155.0
150.0
155.0
2.722713633111154
135.0
152.0
160.0
152.0
160.0
2.722713633111154
135.0
153.0
162.0
153.0
162.0
2.722713633111154
135.0
154.0
164.0
154.0
165.0
2.722713633111154
135.0
158.0
173.0
158.0
173.0
2.722713633111154
135.0
161.0
180.0
161.0
180.0
2.722713633111154
135.0
162.0
182.0
162.0
182.0
