0.29670597283903605
212.0
173.0
87.0
172.0
90.0
0.29670597283903605
212.0
171.0
93.0
171.0
93.0
0.29670597283903605
212.0
170.0
95.0
170.0
97.0
0.29670597283903605
212.0
169.0
99.0
169.0
100.0
0.29670597283903605
212.0
168.0
103.0
168.0
103.0
0.29670597283903605
212.0
167.0
105.0
167.0
107.0
0.29670597283903605
212.0
166.0
109.0
166.0
110.0
0.29670597283903605
212.0
165.0
112.0
165.0
113.0
0.29670597283903605
212.0
164.0
116.0
164.0
116.0
0.29670597283903605
212.0
163.0
120.0
163.0
120.0
0.29670597283903605
212.0
162.0
122.0
162.0
123.0
0.29670597283903605
212.0
161.0
126.0
161.0
126.0
0.29670597283903605
212.0
160.0
128.0
160.0
129.0
0.29670597283903605
212.0
159.0
133.0
159.0
133.0
0.29670597283903605
212.0
158.0
135.0
158.0
136.0
0.29670597283903605
212.0
157.0
138.0
157.0
139.0
0.29670597283903605
212.0
156.0
143.0
156.0
143.0
0.29670597283903605
212.0
155.0
145.0
155.0
146.0
0.29670597283903605
212.0
154.0
149.0
154.0
149.0
0.29670597283903605
212.0
153.0
151.0
153.0
152.0
0.29670597283903605
212.0
152.0
155.0
152.0
156.0
0.29670597283903605
212.0
150.0
162.0
149.0
163.0
0.9250245035569946
109.0
52.0
87.0
73.0
71.0
0.9250245035569946
109.0
75.0
70.0
102.0
49.0
0.9250245035569946
109.0
104.0
48.0
113.0
41.0
1.5533430342749532
217.0
74.0
162.0
114.0
162.0
1.5533430342749532
217.0
151.0
161.0
151.0
161.0
1.5707963267948966
217.0
74.0
162.0
150.0
162.0
1.5707963267948966
218.0
74.0
163.0
150.0
163.0
1.5882496193148399
217.0
74.0
161.0
74.0
161.0
1.5882496193148399
217.0
114.0
162.0
150.0
162.0
2.2165681500327987
111.0
112.0
41.0
118.0
46.0
2.2165681500327987
111.0
120.0
47.0
134.0
58.0
2.2165681500327987
111.0
136.0
59.0
147.0
68.0
2.2165681500327987
111.0
149.0
69.0
150.0
70.0
2.2165681500327987
111.0
152.0
72.0
155.0
74.0
2.2165681500327987
111.0
157.0
75.0
163.0
80.0
2.2165681500327987
111.0
165.0
81.0
173.0
87.0
2.8448866807507573
215.0
52.0
88.0
52.0
90.0
2.8448866807507573
215.0
53.0
92.0
53.0
92.0
2.8448866807507573
215.0
54.0
95.0
54.0
96.0
2.8448866807507573
215.0
55.0
98.0
56.0
103.0
2.8448866807507573
215.0
57.0
105.0
58.0
109.0
2.8448866807507573
215.0
59.0
111.0
59.0
113.0
2.8448866807507573
215.0
60.0
115.0
60.0
115.0
2.8448866807507573
215.0
61.0
118.0
63.0
126.0
2.8448866807507573
215.0
64.0
128.0
65.0
132.0
2.8448866807507573
215.0
66.0
134.0
68.0
142.0
2.8448866807507573
215.0
69.0
144.0
70.0
149.0
2.8448866807507573
215.0
71.0
151.0
72.0
155.0
2.8448866807507573
215.0
73.0
157.0
74.0
163.0
