0.0
125.0
76.0
36.0
76.0
92.0
0.0
125.0
76.0
118.0
76.0
119.0
0.0
211.0
162.0
36.0
162.0
92.0
0.0
211.0
162.0
118.0
162.0
119.0
1.0122909661567112
216.0
117.0
145.0
117.0
145.0
1.0122909661567112
216.0
169.0
113.0
169.0
113.0
1.0122909661567112
216.0
174.0
110.0
174.0
110.0
1.0122909661567112
216.0
179.0
107.0
180.0
106.0
1.0122909661567112
216.0
185.0
103.0
185.0
103.0
1.0122909661567112
216.0
187.0
102.0
188.0
101.0
1.0122909661567112
216.0
190.0
100.0
190.0
100.0
1.0122909661567112
216.0
193.0
98.0
193.0
98.0
1.0122909661567112
216.0
195.0
97.0
196.0
96.0
1.0122909661567112
216.0
198.0
95.0
199.0
94.0
1.0122909661567112
216.0
201.0
93.0
204.0
91.0
1.5533430342749532
117.0
76.0
37.0
162.0
36.0
1.5707963267948966
116.0
76.0
36.0
162.0
36.0
1.5707963267948966
117.0
76.0
37.0
162.0
37.0
1.5707963267948966
171.0
33.0
91.0
76.0
91.0
1.5707963267948966
171.0
162.0
91.0
204.0
91.0
1.5882496193148399
117.0
76.0
36.0
162.0
37.0
2.1467549799530254
217.0
34.0
91.0
37.0
93.0
2.1467549799530254
217.0
39.0
94.0
40.0
95.0
2.1467549799530254
217.0
42.0
96.0
43.0
97.0
2.1467549799530254
217.0
46.0
99.0
46.0
99.0
2.1467549799530254
217.0
48.0
100.0
48.0
100.0
2.1467549799530254
217.0
51.0
102.0
51.0
102.0
2.1467549799530254
217.0
53.0
103.0
53.0
103.0
2.1467549799530254
217.0
57.0
106.0
58.0
106.0
2.1467549799530254
217.0
60.0
108.0
60.0
108.0
2.1467549799530254
217.0
63.0
110.0
63.0
110.0
2.1467549799530254
217.0
66.0
112.0
66.0
112.0
2.1467549799530254
217.0
68.0
113.0
68.0
113.0
2.1467549799530254
217.0
71.0
115.0
71.0
115.0
2.1467549799530254
217.0
74.0
117.0
74.0
117.0
2.1467549799530254
217.0
76.0
118.0
77.0
119.0
2.1467549799530254
217.0
79.0
120.0
80.0
121.0
2.1467549799530254
217.0
82.0
122.0
83.0
123.0
2.1467549799530254
217.0
85.0
124.0
85.0
124.0
2.1467549799530254
217.0
87.0
125.0
88.0
126.0
2.1467549799530254
217.0
90.0
127.0
91.0
128.0
2.1467549799530254
217.0
94.0
130.0
94.0
130.0
2.1467549799530254
217.0
96.0
131.0
97.0
132.0
2.1467549799530254
217.0
99.0
133.0
101.0
134.0
2.1467549799530254
217.0
103.0
136.0
103.0
136.0
2.1467549799530254
217.0
105.0
137.0
106.0
137.0
2.1467549799530254
217.0
108.0
139.0
108.0
139.0
2.1467549799530254
217.0
110.0
140.0
111.0
141.0
2.1467549799530254
217.0
114.0
143.0
117.0
145.0
2.1467549799530254
217.0
119.0
146.0
119.0
146.0
