0.0
150.0
106.0
39.0
106.0
66.0
0.0
150.0
106.0
121.0
106.0
149.0
0.0
225.0
181.0
66.0
181.0
122.0
0.9424777960769379
115.0
31.0
93.0
31.0
93.0
0.9424777960769379
115.0
33.0
92.0
106.0
39.0
1.5707963267948966
189.0
68.0
121.0
69.0
121.0
1.5707963267948966
189.0
106.0
121.0
181.0
121.0
1.5707963267948966
190.0
69.0
122.0
70.0
122.0
1.5707963267948966
190.0
106.0
122.0
181.0
122.0
1.5882496193148399
134.0
69.0
65.0
71.0
65.0
1.5882496193148399
134.0
106.0
65.0
106.0
65.0
1.5882496193148399
134.0
108.0
66.0
164.0
66.0
1.5882496193148399
134.0
181.0
67.0
181.0
67.0
1.5882496193148399
188.0
65.0
119.0
66.0
119.0
1.5882496193148399
188.0
164.0
121.0
181.0
121.0
2.199114857512855
204.0
31.0
93.0
32.0
94.0
2.199114857512855
204.0
35.0
96.0
35.0
96.0
2.199114857512855
204.0
42.0
101.0
43.0
102.0
2.199114857512855
204.0
49.0
106.0
50.0
107.0
2.199114857512855
204.0
54.0
110.0
54.0
110.0
2.199114857512855
204.0
57.0
112.0
57.0
112.0
2.199114857512855
204.0
61.0
115.0
61.0
115.0
2.199114857512855
204.0
68.0
120.0
68.0
120.0
2.199114857512855
204.0
83.0
131.0
83.0
131.0
2.199114857512855
204.0
90.0
136.0
90.0
136.0
2.199114857512855
204.0
106.0
147.0
106.0
147.0
3.12413936106985
78.0
179.0
66.0
179.0
66.0
3.12413936106985
78.0
180.0
121.0
180.0
122.0
