0.0
65.0
15.0
10.0
15.0
89.0
0.0
117.0
67.0
10.0
67.0
10.0
0.0
117.0
67.0
47.0
67.0
211.0
0.0
201.0
151.0
10.0
151.0
89.0
0.0
201.0
151.0
147.0
151.0
147.0
0.0
201.0
151.0
187.0
151.0
187.0
0.0
201.0
151.0
211.0
151.0
211.0
0.0
202.0
152.0
10.0
152.0
89.0
0.0
202.0
152.0
147.0
152.0
147.0
0.0
202.0
152.0
187.0
152.0
187.0
0.0
202.0
152.0
211.0
152.0
211.0
0.0
253.0
203.0
47.0
203.0
47.0
0.0
253.0
203.0
147.0
203.0
187.0
0.0
253.0
203.0
211.0
203.0
211.0
0.0
272.0
222.0
47.0
222.0
211.0
0.017453292519943295
200.0
151.0
10.0
151.0
57.0
0.017453292519943295
200.0
150.0
88.0
150.0
89.0
0.017453292519943295
200.0
149.0
147.0
149.0
147.0
0.017453292519943295
200.0
148.0
187.0
148.0
187.0
0.017453292519943295
200.0
148.0
211.0
148.0
211.0
1.5707963267948966
66.0
15.0
10.0
152.0
10.0
1.5707963267948966
103.0
15.0
47.0
15.0
47.0
1.5707963267948966
103.0
67.0
47.0
222.0
47.0
1.5707963267948966
144.0
15.0
88.0
152.0
88.0
1.5707963267948966
144.0
222.0
88.0
222.0
88.0
1.5707963267948966
145.0
15.0
89.0
152.0
89.0
1.5707963267948966
145.0
222.0
89.0
222.0
89.0
1.5707963267948966
203.0
67.0
147.0
67.0
147.0
1.5707963267948966
203.0
142.0
147.0
203.0
147.0
1.5707963267948966
203.0
222.0
147.0
222.0
147.0
1.5707963267948966
243.0
67.0
187.0
67.0
187.0
1.5707963267948966
243.0
142.0
187.0
203.0
187.0
1.5707963267948966
243.0
222.0
187.0
222.0
187.0
1.5707963267948966
267.0
67.0
211.0
222.0
211.0
3.1066860685499065
152.0
136.0
10.0
136.0
10.0
3.1066860685499065
152.0
137.0
47.0
137.0
47.0
3.1066860685499065
152.0
139.0
88.0
139.0
89.0
3.1066860685499065
152.0
142.0
172.0
142.0
187.0
3.1066860685499065
152.0
143.0
211.0
143.0
211.0
3.12413936106985
70.0
220.0
47.0
220.0
47.0
3.12413936106985
70.0
222.0
115.0
222.0
171.0
3.12413936106985
140.0
150.0
10.0
150.0
10.0
3.12413936106985
140.0
150.0
47.0
150.0
47.0
3.12413936106985
140.0
151.0
58.0
151.0
89.0
3.12413936106985
140.0
152.0
147.0
152.0
147.0
3.12413936106985
140.0
153.0
187.0
153.0
187.0
3.12413936106985
140.0
153.0
211.0
153.0
211.0
3.12413936106985
151.0
139.0
10.0
139.0
10.0
3.12413936106985
151.0
139.0
47.0
139.0
47.0
3.12413936106985
151.0
140.0
88.0
140.0
89.0
3.12413936106985
151.0
142.0
173.0
142.0
187.0
3.12413936106985
151.0
142.0
211.0
142.0
211.0
3.12413936106985
225.0
65.0
10.0
65.0
10.0
3.12413936106985
225.0
66.0
88.0
66.0
89.0
3.12413936106985
225.0
67.0
116.0
67.0
172.0
3.12413936106985
225.0
68.0
211.0
68.0
211.0
